mql_id,seller_id,sdr_id,sr_id,won_date,business_segment,lead_type,lead_behaviour_profile,has_company,has_gtin,average_stock,business_type,declared_product_catalog_size,declared_monthly_revenue
5420aad7fec3549a85876ba1c529bd84,2c43fb513632d29b3b58df74816f1b06,a8387c01a09e99ce014107505b92388c,4ef15afb4b2723d8f3d81e51ec7afefe,2018-02-26 19:58:54,pet,online_medium,cat,True,True,0,reseller,0.0,0.0
327174d3648a2d047e8940d7d15204ca,612170e34b97004b3ba37eae81836b4c,b90f87164b5f8c2cfa5c8572834dbe3f,6565aa9ce3178a5caf6171827af3a9ba,2018-06-05 17:27:23,home_appliances,online_big,cat,True,True,0,reseller,0.0,0.0
ffe640179b554e295c167a2f6be528e0,ed8cb7b190ceb6067227478e48cf8dde,4b339f9567d060bcea4f5136b9f5949e,d3d1e91a157ea7f90548eef82f1955e3,2018-07-03 20:17:45,home_appliances,industry,wolf,True,True,0,manufacturer,0.0,0.0
b94fba7670eeb44dce2a0d8eb790e9f5,1c742ac33582852aaf3bcfbf5893abcf,fdb16d3cbbeb5798f2f66c4096be026d,495d4e95a8cf8bbf8b432b612a2aa328,2018-02-07 18:04:05,health_beauty,online_medium,unknown,True,True,0,manufacturer,0.0,0.0
b02c89251106e1fdd9d92744be9f94f2,44ed138eca6214d572ce1d813fb0049b,34d40cdaf94010a1d05b0d6212f9e909,4ef15afb4b2723d8f3d81e51ec7afefe,2018-04-17 17:01:57,health_beauty,offline,cat,True,True,0,manufacturer,0.0,0.0
0173e8d8b1d94a355b440fb67388f532,87d73636a3acf123e842bb890a4db036,9d12ef1a7eca3ec58c545c678af7869c,9e4d1098a3b0f5da39b0bc48f9876645,2018-04-24 03:00:00,household_utilities,online_medium,eagle,True,True,0,manufacturer,0.0,0.0
408a9c4a79800232ac656249af3162eb,b566ab0ef88016e00422755e305103c6,de63de0d10a6012430098db33c679b0b,d3d1e91a157ea7f90548eef82f1955e3,2018-02-23 13:54:40,construction_tools_house_garden,online_big,cat,True,True,0,reseller,0.0,0.0
c556184b3fe2087834850b68fa435cee,2d2322d842118867781fc737e96d59a1,09285259593c61296eef10c734121d5b,2695de1affa7750089c0455f8ce27021,2018-05-22 13:24:08,household_utilities,online_medium,cat,True,True,0,reseller,0.0,0.0
ab11f58a6bf7036a656364b0ba68fb74,9e7c5f4d7770eab65738cca38f9efccf,068066e24f0c643eb1d089c7dd20cd73,de63de0d10a6012430098db33c679b0b,2018-04-10 03:00:00,sports_leisure,online_medium,cat,True,True,0,reseller,0.0,0.0
450b97a48568c3118ff397f73abe4e4a,df91910b6a03bb2e3358fa6a35e32f6f,09285259593c61296eef10c734121d5b,060c0a26f19f4d66b42e0d8796688490,2018-04-10 19:21:54,food_drink,online_medium,cat,True,True,0,manufacturer,0.0,0.0
ed3d878bf23177e7075ce07578841047,249f0e9905a6e06ad6c6bea7547ab9f6,9d12ef1a7eca3ec58c545c678af7869c,fbf4aef3f6915dc0c3c97d6812522f6a,2018-05-11 19:03:19,home_decor,online_medium,cat,True,True,0,manufacturer,0.0,0.0
119ce5d79e3c006a9e46967bff271cb2,b494891378bd8f4560abe576c52deacd,b90f87164b5f8c2cfa5c8572834dbe3f,4ef15afb4b2723d8f3d81e51ec7afefe,2018-06-19 14:08:22,health_beauty,online_top,cat,True,True,0,reseller,0.0,0.0
0b97be8b4b408a3a0780a32e0a143a7f,7d13fca15225358621be4086e1eb0964,56bf83c4bb35763a51c2baab501b4c67,9ae085775a198122c5586fa830ff7f2b,2018-02-08 17:20:14,watches,online_big,unknown,True,True,0,reseller,0.0,0.0
4151b0029636a1c55afcce9283ac7902,e819bcfade7b5d88a27325eb6cfd62c5,068066e24f0c643eb1d089c7dd20cd73,9ae085775a198122c5586fa830ff7f2b,2018-02-12 13:18:13,home_decor,industry,unknown,True,True,0,manufacturer,0.0,0.0
fc4166d1b1e192f650ee2d807b54c943,70c27847eca8195c983ed7e798c56743,fdb16d3cbbeb5798f2f66c4096be026d,4ef15afb4b2723d8f3d81e51ec7afefe,2018-02-08 20:57:44,pet,online_small,unknown,True,True,0,reseller,0.0,0.0
85e43237b3fb87d881c757f44f1b0357,556a6409838156ea299c9d1f9e2dde43,4b339f9567d060bcea4f5136b9f5949e,fbf4aef3f6915dc0c3c97d6812522f6a,2018-04-06 20:52:54,household_utilities,industry,shark,True,True,0,reseller,0.0,0.0
9ce2e101957dc53e3e89cc8e1599aa60,a4fc6eadaff1576af888509a53420f6a,09285259593c61296eef10c734121d5b,6565aa9ce3178a5caf6171827af3a9ba,2018-04-13 12:27:48,computers,online_beginner,cat,True,True,0,reseller,0.0,0.0
4bb1ec1ff58ad39558e8468054bfc469,4fae87d32467e18eb46e4a76a0a0b9ce,9d12ef1a7eca3ec58c545c678af7869c,a8387c01a09e99ce014107505b92388c,2018-07-19 18:06:07,small_appliances,online_medium,cat,True,True,20-50,reseller,0.0,0.0
e428d5580f729d23e6070e43c492e424,8b181ee5518df84f18f4e1a43fe07923,09285259593c61296eef10c734121d5b,de63de0d10a6012430098db33c679b0b,2018-04-25 03:00:00,health_beauty,online_medium,shark,True,True,0,reseller,0.0,0.0
e3c91316d8f28b18d96869aebbb7c3ec,d594982fd877af63ace38ea1fca27c76,09285259593c61296eef10c734121d5b,fbf4aef3f6915dc0c3c97d6812522f6a,2018-06-05 17:20:34,audio_video_electronics,industry,wolf,True,True,0,reseller,0.0,0.0
b055fc7de322786cd9ddc996cb6e72ff,398cb257329ef7af7f1943a8974a3cbc,a8387c01a09e99ce014107505b92388c,9ae085775a198122c5586fa830ff7f2b,2018-03-06 12:25:29,food_drink,online_medium,cat,True,True,0,manufacturer,0.0,0.0
d955b97b28c2966211c9de2fe22fefbd,26e2c91ef821e1ff8985f408788fe35b,4b339f9567d060bcea4f5136b9f5949e,6565aa9ce3178a5caf6171827af3a9ba,2018-02-06 15:46:14,bed_bath_table,online_beginner,unknown,True,True,0,manufacturer,0.0,0.0
1d7cc0f1d0b54eac3609c5222246595b,dedcab67899479e4ea5dcc4eba47f587,56bf83c4bb35763a51c2baab501b4c67,d3d1e91a157ea7f90548eef82f1955e3,2018-05-15 18:05:25,car_accessories,online_medium,unknown,True,True,0,reseller,0.0,0.0
78f9eb91b8c7b3b3967fab18283ec614,ca4b77513ac2040591b0d8fae6958380,370c9f455f93a9a96cbe9bea48e70033,a8387c01a09e99ce014107505b92388c,2018-06-11 12:40:42,health_beauty,online_medium,cat,True,True,0,reseller,0.0,0.0
f72a53e19c3310188cedd074226312c9,6e4a902d1054e4e17aa6eab87fac1c75,34d40cdaf94010a1d05b0d6212f9e909,2695de1affa7750089c0455f8ce27021,2018-06-18 13:58:00,audio_video_electronics,offline,wolf,True,True,0,reseller,0.0,0.0
d25814a309be54d1d2279a4ff921ea28,2d42ebcda99fd55f6f4bc2f1ca035d50,4b339f9567d060bcea4f5136b9f5949e,9e4d1098a3b0f5da39b0bc48f9876645,2018-04-11 03:00:00,home_decor,online_big,cat,True,True,0,reseller,0.0,0.0
e3ed7cb7b47e4079cb9fef895846b3e2,04843805947f0fc584fc1969b6e50fe7,9d12ef1a7eca3ec58c545c678af7869c,fbf4aef3f6915dc0c3c97d6812522f6a,2018-04-18 16:50:40,home_decor,online_big,cat,True,True,0,manufacturer,0.0,0.0
7c9ac4388867d4cc3f1cf9c05ad7e944,751e274377499a8503fd6243ad9c56f6,9749123c950bf8363ace42cb1c2d0815,4ef15afb4b2723d8f3d81e51ec7afefe,2018-07-30 14:34:51,audio_video_electronics,online_big,cat,True,True,0,reseller,0.0,0.0
014c073ef65e4a7ef73acd61cf606164,2646baaf662d4d92ac48f047e35db92d,9d12ef1a7eca3ec58c545c678af7869c,4ef15afb4b2723d8f3d81e51ec7afefe,2018-03-23 19:06:54,construction_tools_house_garden,online_medium,eagle,True,True,0,reseller,0.0,0.0
3a91a097116d6c8b32d41e0c81dd1e9c,e433f5fd4050e3352b5d83522b7fe24b,a8387c01a09e99ce014107505b92388c,9e4d1098a3b0f5da39b0bc48f9876645,2018-04-26 03:00:00,construction_tools_house_garden,online_medium,cat,True,True,0,manufacturer,0.0,0.0
1c69de363482d0cbc9b6da97cb49757a,dc64d75cc406bb0697be983831430e60,f42a2bd194f7802ab052a815c8de65b7,85fc447d336637ba1df43e793199fbc8,2018-04-30 21:13:36,audio_video_electronics,online_small,cat,True,True,0,reseller,0.0,0.0
415ae4e297c08fd8790a5b1e1ba8482e,08d1c9478fb0d7d7fcac9c0da4e82fc7,4b339f9567d060bcea4f5136b9f5949e,de63de0d10a6012430098db33c679b0b,2018-04-27 13:35:00,home_decor,online_medium,wolf,True,True,0,manufacturer,0.0,0.0
f5da97d441cd42b0b26c10145b71a923,ee2fbacc2fc3794e656cc4d933d59ce7,9d12ef1a7eca3ec58c545c678af7869c,fbf4aef3f6915dc0c3c97d6812522f6a,2018-05-18 18:08:22,small_appliances,online_big,cat,True,True,0,reseller,0.0,0.0
682e8ae60182137d74d90ada9e0947d8,7fc87cc3e89b3d1d5cabdca32f8485aa,a8387c01a09e99ce014107505b92388c,4ef15afb4b2723d8f3d81e51ec7afefe,2018-02-27 19:19:47,home_office_furniture,offline,cat,True,True,0,manufacturer,0.0,0.0
009ff90f082aaa9fcd6e14caf65c7cc6,134285d1f41da5c13a756ee8142c8a4e,a8387c01a09e99ce014107505b92388c,9e4d1098a3b0f5da39b0bc48f9876645,2018-04-03 03:00:00,car_accessories,online_big,cat,True,True,0,reseller,0.0,0.0
29b97ecc5839e61efb7bdc25e979d8c6,e9e446d01bd10a97a8ffcfc4a3a20cb2,09285259593c61296eef10c734121d5b,d3d1e91a157ea7f90548eef82f1955e3,2018-04-27 16:11:57,health_beauty,online_medium,cat,True,True,0,reseller,0.0,0.0
8d6be534a8bdd08e11efe57c6ce3dd21,6061155addc1e54b4cfb51c1c2a32ad8,a8387c01a09e99ce014107505b92388c,2695de1affa7750089c0455f8ce27021,2018-04-27 20:44:40,pet,online_small,cat,True,True,0,reseller,0.0,0.0
4979feabd6097fb6100fd36c3c32aae0,bba8d0c234a52b87b3957037a215d1a4,56bf83c4bb35763a51c2baab501b4c67,c638112b43f1d1b86dcabb0da720c901,2018-02-22 21:07:50,home_decor,online_small,cat,True,True,0,manufacturer,0.0,0.0
5985e72b3752e4749926885db1b45be4,044668ccd5316b12a7cf0d54a156e3e9,56bf83c4bb35763a51c2baab501b4c67,4ef15afb4b2723d8f3d81e51ec7afefe,2018-01-31 21:00:13,food_drink,offline,unknown,True,True,0,reseller,0.0,0.0
e5f15cc640c8a7408103dd190ced966c,30a81d8cf85fb2ada1b1b094c9583a95,068066e24f0c643eb1d089c7dd20cd73,4ef15afb4b2723d8f3d81e51ec7afefe,2018-01-19 16:51:28,pet,online_top,unknown,True,True,0,reseller,0.0,0.0
afac78e614dac1a1470030ea55c08eef,0ddefe3c7a032b91f4e25b9c3a08fca1,de63de0d10a6012430098db33c679b0b,6565aa9ce3178a5caf6171827af3a9ba,2018-02-09 15:35:51,household_utilities,online_small,cat,True,True,0,reseller,0.0,0.0
496515dec2a1c280f145f6ccb34851fb,6f835fd4be26989b1b064399da346143,09285259593c61296eef10c734121d5b,d3d1e91a157ea7f90548eef82f1955e3,2018-04-27 16:09:25,audio_video_electronics,online_medium,wolf,True,True,0,reseller,0.0,0.0
17c77fd570aa86b74387fae66d9d4edd,3e35a8bb43569389d3cebef0ce820f69,de63de0d10a6012430098db33c679b0b,4ef15afb4b2723d8f3d81e51ec7afefe,2018-01-18 11:09:00,food_drink,industry,unknown,True,True,0,reseller,0.0,0.0
cc4ec90b270b9f1de8dc2d8864425252,a7d0f8dd44f57ef6de7f7f02e3d82630,b90f87164b5f8c2cfa5c8572834dbe3f,85fc447d336637ba1df43e793199fbc8,2018-04-27 21:38:40,health_beauty,online_medium,cat,True,True,0,reseller,0.0,0.0
f0b314f185b80cf35d986e298db53fe3,a663d9c3797e90eac99ff60939416a56,34d40cdaf94010a1d05b0d6212f9e909,060c0a26f19f4d66b42e0d8796688490,2018-04-27 21:08:34,computers,online_beginner,cat,True,True,0,reseller,0.0,0.0
a82596c6fd3ed643b18a2a942eb6ddc9,a213f1bd6458f4a158f3746cb2514559,de63de0d10a6012430098db33c679b0b,d3d1e91a157ea7f90548eef82f1955e3,2018-04-26 16:05:43,computers,online_beginner,unknown,True,True,0,reseller,0.0,0.0
36f6d5bde803873f6bffe9949f258935,a56e351445e5863fc8960640ba9190c7,9e4d1098a3b0f5da39b0bc48f9876645,495d4e95a8cf8bbf8b432b612a2aa328,2018-02-26 20:02:10,home_decor,online_small,cat,True,True,0,reseller,0.0,0.0
2708ccf204c47df56b5469327e900581,fcdd820084f17e9982427971e4e9d47f,de63de0d10a6012430098db33c679b0b,4ef15afb4b2723d8f3d81e51ec7afefe,2018-02-15 17:38:42,household_utilities,online_big,unknown,True,True,0,manufacturer,0.0,0.0
44ebc4e28c99d8aeaead73b4b70cc5e9,131fcb0a0c9a47bba4474aacff0f14b7,370c9f455f93a9a96cbe9bea48e70033,9e4d1098a3b0f5da39b0bc48f9876645,2018-04-20 03:00:00,home_appliances,online_medium,cat,True,True,0,reseller,0.0,0.0
62e44187d92348c552952aa4bf152e90,3d5d0dc7073a299e31fa718ce1bc00b6,09285259593c61296eef10c734121d5b,4ef15afb4b2723d8f3d81e51ec7afefe,2018-05-07 16:42:08,health_beauty,online_medium,cat,True,True,0,reseller,0.0,0.0
0f2ad81c100f7a6c7475bd26ceb76cbf,3492e68f37fd1df87f4f2f2ea247f445,9e4d1098a3b0f5da39b0bc48f9876645,6565aa9ce3178a5caf6171827af3a9ba,2018-02-12 18:46:06,car_accessories,online_medium,cat,True,True,0,reseller,0.0,0.0
cfccca319397a5ea2bb11bd90b0d925d,ba143b05f0110f0dc71ad71b4466ce92,370c9f455f93a9a96cbe9bea48e70033,9e4d1098a3b0f5da39b0bc48f9876645,2018-04-17 19:12:16,books,online_big,cat,True,True,0,reseller,0.0,0.0
1ab8d42d9e4a6b86010ac0a10c58fa86,11fb6f6d341adbe19e81733701704635,f42a2bd194f7802ab052a815c8de65b7,9ae085775a198122c5586fa830ff7f2b,2018-06-15 21:32:52,home_decor,online_medium,wolf,True,True,0,reseller,0.0,0.0
080261e4427a081fc6e637b654f590ee,ade45994b717ccee333492330fbf037b,068066e24f0c643eb1d089c7dd20cd73,85fc447d336637ba1df43e793199fbc8,2018-03-14 12:18:20,audio_video_electronics,online_big,cat,True,True,0,reseller,0.0,0.0
42e452a93e736373dd9281c113eff2b7,da6a60cc8cc724fe51be021ff8be779c,0a0fb2b07d841f84fb6714e35c723075,495d4e95a8cf8bbf8b432b612a2aa328,2018-05-14 16:06:59,books,online_big,cat,True,True,0,reseller,0.0,0.0
bde34e7721e5a33091503ba45b3f8ea5,a69aa24cec11168e7e39a3fbc727e925,4b339f9567d060bcea4f5136b9f5949e,495d4e95a8cf8bbf8b432b612a2aa328,2018-04-30 03:00:00,health_beauty,online_big,cat,True,True,0,reseller,0.0,0.0
ac68bc93ecc07d7daec8ce924ca09b0c,6025c79c035c3d772133b8b8238463b2,b90f87164b5f8c2cfa5c8572834dbe3f,56bf83c4bb35763a51c2baab501b4c67,2018-05-10 19:07:39,car_accessories,online_medium,wolf,True,True,0,reseller,0.0,0.0
cd46a0224c83d17b825ebc226df3479c,e1643dff33666ca629e3644c02738179,9e4d1098a3b0f5da39b0bc48f9876645,9ae085775a198122c5586fa830ff7f2b,2018-03-13 14:56:01,household_utilities,offline,eagle,True,True,0,reseller,0.0,0.0
3cc3bc10218cf509ba24613cda41d940,cc63f0dd2acba93ffed4fe9f8e0321fa,0a0fb2b07d841f84fb6714e35c723075,9e4d1098a3b0f5da39b0bc48f9876645,2018-04-24 03:00:00,home_office_furniture,online_beginner,eagle,True,True,0,reseller,0.0,0.0
b223756da60ed5012d1d302bc9f50f6e,bb2afe2061d53c6968aa0cffa233a8ec,9e4d1098a3b0f5da39b0bc48f9876645,85fc447d336637ba1df43e793199fbc8,2018-04-06 17:56:04,sports_leisure,online_medium,cat,True,True,0,reseller,0.0,0.0
b30be338efa14f74a40949dbafd02b57,c8cc60ffd415254af5d9b9f34f32c369,068066e24f0c643eb1d089c7dd20cd73,fbf4aef3f6915dc0c3c97d6812522f6a,2018-04-30 20:23:10,pet,online_medium,cat,True,True,0,reseller,0.0,0.0
8551ef0d517bfc756cb31e0477ac4adc,c1849d4d32d7a6cecd5aa471809d3135,b90f87164b5f8c2cfa5c8572834dbe3f,4ef15afb4b2723d8f3d81e51ec7afefe,2018-05-18 12:47:49,party,offline,cat,True,True,0,manufacturer,0.0,0.0
d6e0ddfc5b05597877a7d5036789a3a1,4125d9385a25e82d2f72d3a0fd55bc3f,a8387c01a09e99ce014107505b92388c,9e4d1098a3b0f5da39b0bc48f9876645,2018-04-05 15:06:11,home_decor,online_medium,cat,True,True,0,reseller,0.0,0.0
66744053f818d4032f5ba881340db020,5f5a58930c3c35f3b5af264f34fb8c85,4b339f9567d060bcea4f5136b9f5949e,495d4e95a8cf8bbf8b432b612a2aa328,2018-02-26 17:07:06,air_conditioning,online_medium,wolf,True,True,0,reseller,0.0,0.0
fa027edbceb48e6657770c2985172201,8fbd63429be6d3e5e6d1a709b6464802,fdb16d3cbbeb5798f2f66c4096be026d,9ae085775a198122c5586fa830ff7f2b,2018-01-23 17:58:30,car_accessories,industry,unknown,True,True,0,reseller,0.0,0.0
a562fd35af2738ce6d88f785ef4eb134,b16d3dadc47d4eb18be3d88bad0775ce,a8387c01a09e99ce014107505b92388c,fbf4aef3f6915dc0c3c97d6812522f6a,2018-03-28 16:11:25,sports_leisure,online_medium,cat,True,True,0,manufacturer,0.0,0.0
ab1417ecaf41d8fb741fade9be0b8ab1,dd5450b022b2d00a2145a66331e1aef6,9e4d1098a3b0f5da39b0bc48f9876645,495d4e95a8cf8bbf8b432b612a2aa328,2018-02-19 17:26:54,household_utilities,online_medium,wolf,True,True,0,reseller,0.0,0.0
9b6edcffd428da99ae60cc01049a8403,845e8036c3f7bf62099352f5ed910240,34d40cdaf94010a1d05b0d6212f9e909,4ef15afb4b2723d8f3d81e51ec7afefe,2018-05-03 03:00:00,bed_bath_table,online_big,cat,True,True,0,reseller,0.0,0.0
7f12bc8cffb170e083ea5c5296272b97,f049a72cf58fd31b11f8919cade515e7,4b339f9567d060bcea4f5136b9f5949e,2695de1affa7750089c0455f8ce27021,2018-05-24 22:16:29,audio_video_electronics,online_beginner,cat,True,True,0,reseller,0.0,0.0
d9734d3817f40bb704b7cc4984ec39b0,117cfc326c6d50da67ca858ff5c0c852,4b339f9567d060bcea4f5136b9f5949e,d3d1e91a157ea7f90548eef82f1955e3,2018-03-29 20:20:04,household_utilities,online_medium,wolf,True,True,0,reseller,0.0,0.0
bc18cd01dacdd62719e6b4d59248c5e1,f1fdf2d13186575751aa25876536d85c,9e4d1098a3b0f5da39b0bc48f9876645,2695de1affa7750089c0455f8ce27021,2018-03-22 13:06:50,sports_leisure,online_big,eagle,True,True,0,reseller,0.0,0.0
d1d35acfd20d413bbda1eae8e208f0b5,b64d51f0435e884e8de603b1655155ae,068066e24f0c643eb1d089c7dd20cd73,9ae085775a198122c5586fa830ff7f2b,2018-02-15 16:06:31,household_utilities,online_medium,unknown,True,True,0,reseller,0.0,0.0
48a8b46e7ea342b913b50c7087f78162,56e361f411e38dcef17cdc2a3d99628b,9d12ef1a7eca3ec58c545c678af7869c,4ef15afb4b2723d8f3d81e51ec7afefe,2018-05-10 19:16:27,audio_video_electronics,industry,cat,True,True,0,manufacturer,0.0,0.0
30c5ba4650eee4a5550cdfa16fb4f195,cac876b37d3abcd6bd76caca30277996,de63de0d10a6012430098db33c679b0b,d3d1e91a157ea7f90548eef82f1955e3,2018-01-29 17:13:49,home_decor,online_big,unknown,True,True,0,reseller,0.0,0.0
60a7799873854c9ccd549ec39c8efddf,a414555ce331b8c8aea4a9cb8395194d,4b339f9567d060bcea4f5136b9f5949e,2695de1affa7750089c0455f8ce27021,2018-01-29 20:08:37,home_appliances,online_medium,unknown,True,True,0,reseller,0.0,0.0
428a96d781ccb96d757bbf82f8242d95,c54679b132454625907c773d273d4126,068066e24f0c643eb1d089c7dd20cd73,4ef15afb4b2723d8f3d81e51ec7afefe,2018-01-08 19:14:47,health_beauty,online_medium,unknown,True,True,0,manufacturer,0.0,0.0
21c55cb2ff8f7ce34b89f7cc8cf71d9f,4a82168aaef173cbb6e46ae88728f919,9d12ef1a7eca3ec58c545c678af7869c,a8387c01a09e99ce014107505b92388c,2018-05-02 17:57:01,health_beauty,online_big,wolf,True,True,0,reseller,0.0,0.0
d90b1c32b55f731e8a2072bfad782fdd,d8d9567d0bfb0bc7eb845a205ba42657,4b339f9567d060bcea4f5136b9f5949e,d3d1e91a157ea7f90548eef82f1955e3,2018-02-09 13:41:10,books,online_medium,wolf,True,True,0,reseller,0.0,0.0
6dfdc6a7e91f5d20a16c956c33974ca5,3ab971ce71839580d2ae5b4e40fe8044,a8387c01a09e99ce014107505b92388c,2695de1affa7750089c0455f8ce27021,2018-04-27 13:55:14,home_decor,online_big,cat,True,True,0,reseller,0.0,0.0
ffdd99e05df27c02a2fb1669d49e0c76,02f623a8eb246f3c5f7c2f96462654e6,370c9f455f93a9a96cbe9bea48e70033,56bf83c4bb35763a51c2baab501b4c67,2018-04-18 20:16:19,sports_leisure,online_medium,eagle,True,True,0,reseller,0.0,0.0
c028b7dd285d13e19ff7a4cabf8bf700,6aa3928696eab49a19a466e665a649fd,068066e24f0c643eb1d089c7dd20cd73,9ae085775a198122c5586fa830ff7f2b,2018-02-07 13:40:14,health_beauty,online_medium,unknown,True,True,0,reseller,0.0,0.0
90513943523077ad07582e989457ccec,539ed9e19811677513447759be5eccfc,34d40cdaf94010a1d05b0d6212f9e909,068066e24f0c643eb1d089c7dd20cd73,2018-05-15 18:16:40,home_decor,industry,cat,True,True,0,reseller,0.0,0.0
080cc5a4ec71a747e260e274bdb13b64,d7827b2af99326a03b0ed9c7a24db0d3,9e4d1098a3b0f5da39b0bc48f9876645,6565aa9ce3178a5caf6171827af3a9ba,2018-03-29 16:29:14,construction_tools_house_garden,online_big,cat,True,True,0,reseller,0.0,0.0
a4fa73f413400524fef474c93faa5e02,bd4431c1a8dfa744b59e1e2a8bc99b9e,56bf83c4bb35763a51c2baab501b4c67,495d4e95a8cf8bbf8b432b612a2aa328,2018-01-26 18:13:17,health_beauty,offline,unknown,True,True,0,reseller,0.0,0.0
bd503b6e91ef50d1c4c169476158e8eb,4a1917ef994878940e1fb03eeb787ad7,9d12ef1a7eca3ec58c545c678af7869c,4ef15afb4b2723d8f3d81e51ec7afefe,2018-04-09 17:28:44,phone_mobile,industry,eagle,True,True,0,reseller,0.0,0.0
f6127362ba4727c54d742b7ab1ae7c1c,c0aff2da32c17759d30b22fb0af6649d,4b339f9567d060bcea4f5136b9f5949e,6565aa9ce3178a5caf6171827af3a9ba,2018-04-20 13:24:51,music_instruments,online_medium,wolf,True,True,0,reseller,0.0,0.0
2448225d3dfa0dc52632c746aa76b66e,cb6c9f5888a7a090c75beaf615925792,a8387c01a09e99ce014107505b92388c,4ef15afb4b2723d8f3d81e51ec7afefe,2018-04-20 19:04:20,construction_tools_house_garden,online_medium,eagle,True,True,0,reseller,0.0,0.0
c36d210f50e7ef3103da68ab61efd093,59cea8e446d3834393058e7e0666b6fb,9d12ef1a7eca3ec58c545c678af7869c,d3d1e91a157ea7f90548eef82f1955e3,2018-05-08 12:18:42,small_appliances,online_big,eagle,True,True,0,reseller,0.0,0.0
384b5bdbe32117213b87f8f5e0604be4,2cb98e27ce1c18abdb42209b34c382a7,a8387c01a09e99ce014107505b92388c,9ae085775a198122c5586fa830ff7f2b,2018-02-28 03:00:00,car_accessories,online_beginner,cat,True,True,0,reseller,0.0,0.0
6c465ed53d17739467c95fe414d8e056,3289d8c3eef4873f91ce0b1343c0dd58,a8387c01a09e99ce014107505b92388c,4ef15afb4b2723d8f3d81e51ec7afefe,2018-04-26 20:04:29,sports_leisure,online_small,cat,True,True,0,manufacturer,0.0,0.0
f74b25a7dc1504cf5a3b964a990266ff,55c26bcb609f480eb7868594245febb5,56bf83c4bb35763a51c2baab501b4c67,d3d1e91a157ea7f90548eef82f1955e3,2018-03-01 14:58:45,baby,online_big,cat,True,True,0,reseller,0.0,0.0
57e65b6fc1f2e47c402deeee25bba1aa,5c3460cd3e8a984382ae254e7dd20d9f,f6c6ab65a1c732f154b371401448be6d,495d4e95a8cf8bbf8b432b612a2aa328,2018-01-10 18:15:06,baby,online_small,unknown,True,True,0,reseller,0.0,0.0
e430deb739cc669ad740c421931bc8f8,0e72c1a751b496722a6cb1f10653b62a,4b339f9567d060bcea4f5136b9f5949e,c638112b43f1d1b86dcabb0da720c901,2018-03-12 18:24:50,books,industry,wolf,True,True,0,reseller,0.0,0.0
cd9e8a4a222eb86428130d42fc684ca5,ae7ab174effdead6c241e547e4ca13f0,4b339f9567d060bcea4f5136b9f5949e,6565aa9ce3178a5caf6171827af3a9ba,2018-04-04 21:17:17,household_utilities,online_medium,cat,True,True,0,manufacturer,0.0,0.0
aadd608980d2f5f7ee3942cc912eef00,1d953075c2f0dd990bacf27b83b330f1,4b339f9567d060bcea4f5136b9f5949e,4ef15afb4b2723d8f3d81e51ec7afefe,2018-06-20 12:24:10,computers,online_medium,"cat, wolf",True,True,0,reseller,0.0,0.0
d88a45e680327e0b22a34020d8f78252,9261d76c62caaf0b24677c2ceb7f8f20,0a0fb2b07d841f84fb6714e35c723075,de63de0d10a6012430098db33c679b0b,2018-05-22 21:25:39,household_utilities,industry,cat,True,True,0,reseller,0.0,0.0
e2e57ded5b59a2058dd5855564c6b5ea,160851d3ece7aa1a510f8d1a4bb8a8af,b90f87164b5f8c2cfa5c8572834dbe3f,4b339f9567d060bcea4f5136b9f5949e,2018-07-18 20:24:28,construction_tools_house_garden,industry,cat,True,True,200+,manufacturer,0.0,0.0
098d6dd896e6740f88282b48495d47ef,c004e5ea15737026cecaee0447e00b75,9e4d1098a3b0f5da39b0bc48f9876645,85fc447d336637ba1df43e793199fbc8,2018-03-26 19:31:38,construction_tools_house_garden,offline,shark,True,True,0,reseller,0.0,0.0
d0b16c2b9e945575082a7e81f6f933b0,7ff588a03c2aeae4fbd23f9ae64b760d,370c9f455f93a9a96cbe9bea48e70033,de63de0d10a6012430098db33c679b0b,2018-05-21 20:28:33,car_accessories,online_big,cat,True,True,0,reseller,0.0,0.0
512182619d12ae0863827b7e5ab97f19,880ce4951cf857ab1d9e0b75c1d856f4,de63de0d10a6012430098db33c679b0b,9ae085775a198122c5586fa830ff7f2b,2018-01-31 02:00:00,car_accessories,industry,unknown,True,True,0,reseller,0.0,0.0
0951c34dc17cf35be31bb59fa96435df,9e6967d3cf386d284251784b18ccb485,a8387c01a09e99ce014107505b92388c,56bf83c4bb35763a51c2baab501b4c67,2018-04-13 13:41:51,construction_tools_house_garden,online_big,cat,True,True,0,reseller,0.0,0.0
8292c2c5afbab7549123a2640e22044a,e9c2dc0dd4ac38448289be644ac94f42,0a0fb2b07d841f84fb6714e35c723075,de63de0d10a6012430098db33c679b0b,2018-06-20 18:32:56,sports_leisure,online_medium,shark,True,True,0,reseller,0.0,0.0
7270ec1d67725ee992193adf9e9f2637,964ff64dc05b13811c6d0f41e0aa5f6b,4b339f9567d060bcea4f5136b9f5949e,85fc447d336637ba1df43e793199fbc8,2018-04-11 14:36:14,home_decor,online_big,shark,True,True,0,manufacturer,0.0,0.0
4de20dd98d2ca78fd643bdc4f0a6359b,1cbdc7cf130a41fd13a3c2a7d2fcfda7,9e4d1098a3b0f5da39b0bc48f9876645,6565aa9ce3178a5caf6171827af3a9ba,2018-03-16 19:39:38,bed_bath_table,offline,eagle,True,True,0,reseller,0.0,0.0
3c803c1d8fef5385ca87aa1f8952338e,271b8923c6a549e02d3c9fd1f8c0422b,f42a2bd194f7802ab052a815c8de65b7,85fc447d336637ba1df43e793199fbc8,2018-06-01 16:45:27,household_utilities,offline,cat,True,True,0,reseller,0.0,0.0
3cab34e6c6a51d1f2ca8e76908c62368,44717f64ec2a457979cf83c429077666,a8387c01a09e99ce014107505b92388c,2695de1affa7750089c0455f8ce27021,2018-04-05 19:05:16,handcrafted,online_medium,cat,True,True,0,reseller,0.0,0.0
e2e3fb19cb1f4edf8c601bab9adbad86,31be790e64fc99f8ff48ec2bd18a3104,09285259593c61296eef10c734121d5b,a8387c01a09e99ce014107505b92388c,2018-06-29 20:16:50,household_utilities,online_beginner,eagle,True,True,0,reseller,0.0,0.0
0de705dc7d8026cc9b2128b775e4c35e,120476eb7a04c149d14772edaf5d9bf2,b90f87164b5f8c2cfa5c8572834dbe3f,85fc447d336637ba1df43e793199fbc8,2018-06-25 18:42:15,construction_tools_house_garden,online_big,wolf,True,True,0,reseller,0.0,0.0
8f118ab2a5c0d99362fb67e29856acab,94d76e96eedd976258cd3278ce56d5f2,56bf83c4bb35763a51c2baab501b4c67,4ef15afb4b2723d8f3d81e51ec7afefe,2018-02-07 20:39:32,construction_tools_house_garden,online_big,unknown,True,True,0,manufacturer,0.0,0.0
299d8968ef74c5086cb3ee21f13ed27a,377bc18334c78dd2f1535ef22a3ad225,56bf83c4bb35763a51c2baab501b4c67,85fc447d336637ba1df43e793199fbc8,2018-03-07 22:08:32,car_accessories,online_big,cat,True,True,0,reseller,0.0,0.0
081c243a74472af67b65145cff5221c7,58f1a6197ed863543e0136bdedb3fce2,4b339f9567d060bcea4f5136b9f5949e,c638112b43f1d1b86dcabb0da720c901,2018-02-27 17:30:22,fashion_accessories,online_medium,eagle,True,True,0,reseller,0.0,0.0
39ecc5282d4511dca4c757113e1312d1,65febd49fd28ec955651299159b1f527,a8387c01a09e99ce014107505b92388c,d3d1e91a157ea7f90548eef82f1955e3,2018-03-19 18:58:47,household_utilities,online_big,unknown,True,True,0,reseller,0.0,0.0
02c1f06978b821b2996ec257932f2947,9b1585752613ec342d03bbab9997ec48,f42a2bd194f7802ab052a815c8de65b7,de63de0d10a6012430098db33c679b0b,2018-05-11 14:22:51,car_accessories,offline,cat,True,True,0,reseller,0.0,0.0
072446c6aa02c85a9a91d6a75116def5,cbf09e831b0c11f6f23ffb51004db972,068066e24f0c643eb1d089c7dd20cd73,de63de0d10a6012430098db33c679b0b,2018-04-10 18:20:00,household_utilities,online_top,cat,True,True,0,reseller,0.0,0.0
0d8b45d95dc4bd9712dc67f87db79a8e,4f0d637c1197fd65405ebd755ac9f86b,56bf83c4bb35763a51c2baab501b4c67,de63de0d10a6012430098db33c679b0b,2018-03-12 21:20:49,health_beauty,online_medium,cat,True,True,0,reseller,0.0,0.0
fe75268bb28b40ef89979d0ec2c54497,dbdd0ec73a4817971d962698f2fea022,068066e24f0c643eb1d089c7dd20cd73,fbf4aef3f6915dc0c3c97d6812522f6a,2018-02-02 13:08:11,health_beauty,online_big,unknown,True,True,0,manufacturer,0.0,0.0
239ce949b3bcb25a0c47779fe37c80e0,caa9bc43a9fe8cf9c564ddd8a03cc4a6,9d12ef1a7eca3ec58c545c678af7869c,4ef15afb4b2723d8f3d81e51ec7afefe,2018-03-28 16:09:52,toys,online_medium,cat,True,True,0,reseller,0.0,0.0
b8bb2a1d59f4ecae0646fc039b75391e,fe87f472055fbcf1d7e691c00b1560dc,56bf83c4bb35763a51c2baab501b4c67,495d4e95a8cf8bbf8b432b612a2aa328,2018-01-23 12:41:16,home_decor,online_medium,unknown,True,True,0,reseller,0.0,0.0
6c6094f256f51e83fe02bce6091163e7,da4d149c0ddbac90557103ac0a0ec356,068066e24f0c643eb1d089c7dd20cd73,6565aa9ce3178a5caf6171827af3a9ba,2018-01-11 17:16:48,sports_leisure,online_medium,unknown,True,True,0,reseller,0.0,0.0
10fa97233fb64af4b6ce8316d0bc2eca,693660429f9dc4ff704eb3d88dad54d7,4b339f9567d060bcea4f5136b9f5949e,6565aa9ce3178a5caf6171827af3a9ba,2018-05-25 21:25:11,audio_video_electronics,online_medium,wolf,True,True,0,reseller,0.0,0.0
cdd41e8e7e609526df11a959b953cc0d,7d7866a99a8656a42c7ff6352a433410,34d40cdaf94010a1d05b0d6212f9e909,068066e24f0c643eb1d089c7dd20cd73,2018-05-30 22:29:56,household_utilities,offline,cat,True,True,0,reseller,0.0,0.0
3c13b54db21952663b5775d142be0ed2,657969cca82e884d272385ec0ef06edd,fdb16d3cbbeb5798f2f66c4096be026d,060c0a26f19f4d66b42e0d8796688490,2018-02-08 19:03:20,fashion_accessories,industry,unknown,True,True,0,reseller,0.0,0.0
5bee2861956d76fe35e91c33bc4a81b3,dda37071807e404c5bb2a1590c66326f,4b339f9567d060bcea4f5136b9f5949e,4ef15afb4b2723d8f3d81e51ec7afefe,2018-03-26 20:08:26,bags_backpacks,online_small,eagle,True,True,0,manufacturer,0.0,0.0
37d92d59a2b02e0256aa1d2bddcfa50d,671585f5a2af58b6e276bc01003c0d2b,4b339f9567d060bcea4f5136b9f5949e,4ef15afb4b2723d8f3d81e51ec7afefe,2018-06-19 19:54:25,household_utilities,online_medium,unknown,True,True,0,manufacturer,0.0,0.0
503831c6265361a08aa4113b4d867178,4a1f694197d05fe70026b016a7316b41,de63de0d10a6012430098db33c679b0b,4ef15afb4b2723d8f3d81e51ec7afefe,2018-02-02 11:25:23,home_decor,online_medium,unknown,True,True,0,reseller,0.0,0.0
bc55d3363ee659d6ab6c908b932c7705,3d3ccf2b2f8134b10dce9dd446f0e075,f42a2bd194f7802ab052a815c8de65b7,2695de1affa7750089c0455f8ce27021,2018-04-25 18:28:42,home_decor,online_medium,cat,True,True,0,reseller,0.0,0.0
1b34d47c57a081fbfeec93a1065e69bd,2cb6eb1b7185064167657fa09f541105,068066e24f0c643eb1d089c7dd20cd73,fbf4aef3f6915dc0c3c97d6812522f6a,2018-01-15 17:14:00,home_decor,online_medium,unknown,True,True,0,manufacturer,0.0,0.0
a463cac2327534f6f02563ffbdf92918,c84592044b180dec206770c38603814b,fdb16d3cbbeb5798f2f66c4096be026d,4ef15afb4b2723d8f3d81e51ec7afefe,2018-01-30 18:06:36,audio_video_electronics,online_medium,unknown,True,True,0,reseller,0.0,0.0
4b4234f02431d2179f5d18fd1db0ef8e,c3e1abd72a42fe690fcd89cf5720fe29,9d12ef1a7eca3ec58c545c678af7869c,d3d1e91a157ea7f90548eef82f1955e3,2018-04-27 12:40:32,pet,online_big,eagle,True,True,0,reseller,0.0,0.0
05ede5cedad6c61ef99376296b0699ef,4d0041cdbe51b4617d95c70b19decc74,068066e24f0c643eb1d089c7dd20cd73,85fc447d336637ba1df43e793199fbc8,2018-04-20 19:29:22,car_accessories,industry,eagle,True,True,0,reseller,0.0,0.0
e5d0a99e3684733914f594116839e0c2,2fa13c8bd5705d279f7ed5cc9ec61c68,fdb16d3cbbeb5798f2f66c4096be026d,fbf4aef3f6915dc0c3c97d6812522f6a,2018-01-18 02:00:00,health_beauty,online_medium,unknown,True,True,0,reseller,0.0,0.0
3461d99a30c72933c66cac4f1c02bd14,18e694e0e48ed6f7aa3f24aade5fd697,4b339f9567d060bcea4f5136b9f5949e,d3d1e91a157ea7f90548eef82f1955e3,2018-03-27 03:00:00,computers,online_medium,wolf,True,True,0,reseller,0.0,0.0
245e57794c369c8617378e285ee9755c,fd435faa3c0422b60440ea3480d0e77c,9749123c950bf8363ace42cb1c2d0815,d3d1e91a157ea7f90548eef82f1955e3,2018-07-26 17:03:01,music_instruments,online_big,eagle,True,True,0,reseller,0.0,0.0
b9ed46d1ff01c4fb8e3f2453091804d0,7816cd9c5b1238e320545f5bf7eb80e8,b90f87164b5f8c2cfa5c8572834dbe3f,4ef15afb4b2723d8f3d81e51ec7afefe,2018-05-14 19:41:58,construction_tools_house_garden,online_big,cat,True,True,0,reseller,0.0,0.0
be8eca3856293b0591f6240af2b62091,c963a25b8671419c6ce9eebe8fd03218,0cdad77786224a7cefea567b8c75c3c1,c638112b43f1d1b86dcabb0da720c901,2018-03-13 15:51:54,home_decor,online_medium,cat,True,True,0,manufacturer,0.0,0.0
42e63e1b4d6aa921fd566bdef26e5ef4,2aafae69bf4c41fbd94053d9413e87ee,068066e24f0c643eb1d089c7dd20cd73,fbf4aef3f6915dc0c3c97d6812522f6a,2018-04-19 14:13:04,stationery,online_medium,cat,True,True,0,manufacturer,0.0,0.0
8423896e04d8cc356ddbb29d4cc9288d,d66c11a9572221d92fbb8c4897db5f9b,a8387c01a09e99ce014107505b92388c,4ef15afb4b2723d8f3d81e51ec7afefe,2018-04-14 03:00:00,household_utilities,industry,cat,True,True,0,manufacturer,0.0,0.0
180d9ac0990bb42907fe9cc7aa3eb5a1,01fd077212124329bac32490e8ef80d9,09285259593c61296eef10c734121d5b,85fc447d336637ba1df43e793199fbc8,2018-03-28 22:45:45,household_utilities,online_medium,cat,True,True,0,reseller,0.0,0.0
cb92c899ab0e2c0fcf4d4e11e9930f6a,9d213f303afae4983637247556438ede,34d40cdaf94010a1d05b0d6212f9e909,a8387c01a09e99ce014107505b92388c,2018-05-11 12:46:58,bed_bath_table,online_big,cat,True,True,0,reseller,0.0,0.0
439c56de17208ac25a2abee9beca46f7,8c9348f33ae3dada25c99c99ade2af78,a8387c01a09e99ce014107505b92388c,56bf83c4bb35763a51c2baab501b4c67,2018-04-25 21:44:40,construction_tools_house_garden,online_small,cat,True,True,0,reseller,0.0,0.0
9577014358ebabb5010e7513a7439a82,f1b854361f4e15d5851b494df66f22b2,370c9f455f93a9a96cbe9bea48e70033,85fc447d336637ba1df43e793199fbc8,2018-04-11 16:05:14,pet,online_big,cat,True,True,0,manufacturer,0.0,0.0
c6c02ef92aa0dcb6c333a27cfb22d47c,c8665a4dd081a2c436b1cd921079d0d9,4b339f9567d060bcea4f5136b9f5949e,6565aa9ce3178a5caf6171827af3a9ba,2018-05-10 17:13:16,car_accessories,online_medium,wolf,True,True,0,reseller,0.0,0.0
22c0b2a19a05fff19e92fab5a0b7728b,138dbe45fc62f1e244378131a6801526,9d12ef1a7eca3ec58c545c678af7869c,9e4d1098a3b0f5da39b0bc48f9876645,2018-04-25 17:19:34,household_utilities,online_medium,eagle,True,True,0,reseller,0.0,0.0
bea6f48261d29b0dba555367e277f670,eb72802c83dc7547529c9546d1a9b8ef,4b339f9567d060bcea4f5136b9f5949e,6565aa9ce3178a5caf6171827af3a9ba,2018-04-30 17:43:10,health_beauty,online_medium,wolf,True,True,0,reseller,0.0,0.0
84ca5950143557353793f24e65e1af22,b67d6c666e8dce1d078c882825e12704,0a0fb2b07d841f84fb6714e35c723075,6565aa9ce3178a5caf6171827af3a9ba,2018-04-20 14:26:36,sports_leisure,online_medium,eagle,True,True,0,reseller,0.0,0.0
68482ad368c7b9779cf50a7164815379,980640c45d7a4635885491d077167e4d,4b339f9567d060bcea4f5136b9f5949e,de63de0d10a6012430098db33c679b0b,2018-05-24 20:25:11,bags_backpacks,online_medium,cat,True,True,0,reseller,0.0,0.0
29ed0987440c24898ae109b05a1d3f8e,dc7192adf8ba09569261f4a8d576afe0,b90f87164b5f8c2cfa5c8572834dbe3f,4ef15afb4b2723d8f3d81e51ec7afefe,2018-05-11 20:38:50,household_utilities,online_medium,cat,True,True,0,reseller,0.0,0.0
ab65e1a4d850fa15d38469a1ad02ce90,ffad1e7127fb622cb64a900751590acd,56bf83c4bb35763a51c2baab501b4c67,9ae085775a198122c5586fa830ff7f2b,2018-02-02 20:42:47,home_decor,online_medium,unknown,True,True,0,manufacturer,0.0,0.0
2f45fb6d3d46af0423ad2813249ac4a2,7b98de631987e26dd6d803490c43a13c,56bf83c4bb35763a51c2baab501b4c67,56bf83c4bb35763a51c2baab501b4c67,2018-05-08 17:18:41,construction_tools_house_garden,industry,cat,True,True,0,manufacturer,0.0,0.0
a06df17094fd9599cad32555b897a0d3,70bf57d811208f8923b41bbd499a67a4,f42a2bd194f7802ab052a815c8de65b7,4ef15afb4b2723d8f3d81e51ec7afefe,2018-06-08 12:10:27,small_appliances,online_medium,cat,True,True,0,reseller,0.0,0.0
5f7526ec1bdd6eebdf4f7d0054cfe163,bc8c8d665ec4664d286be0d521722b19,4b339f9567d060bcea4f5136b9f5949e,6565aa9ce3178a5caf6171827af3a9ba,2018-04-17 17:18:12,food_drink,online_medium,wolf,True,True,0,reseller,0.0,0.0
1024cf4dc7f44bc2296769309fcfb4e5,a63bfbaa882c8f4542891b4e2246cc7f,34d40cdaf94010a1d05b0d6212f9e909,4ef15afb4b2723d8f3d81e51ec7afefe,2018-05-24 16:11:06,health_beauty,online_big,cat,True,True,0,reseller,0.0,0.0
352409af828b39fe2353dfbe5e813752,33d677f27a69b84051204ee4ae76eaca,fdb16d3cbbeb5798f2f66c4096be026d,9ae085775a198122c5586fa830ff7f2b,2018-01-10 19:40:52,food_drink,offline,unknown,True,True,0,reseller,0.0,0.0
bf5b131e6aee15fa373fb4d113b4a65c,8a8835a43bda99fd37310ad76c457510,34d40cdaf94010a1d05b0d6212f9e909,fbf4aef3f6915dc0c3c97d6812522f6a,2018-05-17 12:09:33,car_accessories,online_big,cat,True,True,0,reseller,0.0,0.0
ee488918cd8d11b893067864f9dabddb,0873d9f8f36123f8d910f4760e788cfb,068066e24f0c643eb1d089c7dd20cd73,060c0a26f19f4d66b42e0d8796688490,2018-03-27 03:00:00,audio_video_electronics,online_medium,cat,True,True,0,reseller,0.0,0.0
145bce9926e5e1adbddd13d9ee519c3e,59bbc819b99a733f02f0d6b49d1c253d,068066e24f0c643eb1d089c7dd20cd73,2695de1affa7750089c0455f8ce27021,2018-02-06 02:00:00,car_accessories,online_medium,unknown,True,True,0,reseller,0.0,0.0
aa65c38536b38e859fdecdcea7335154,61b18775be84fb700a6b2d0ba097bf66,9e4d1098a3b0f5da39b0bc48f9876645,c638112b43f1d1b86dcabb0da720c901,2018-02-27 19:13:04,pet,industry,eagle,True,True,0,reseller,0.0,0.0
24227051b98de30e484412134e0d0e49,761681a821d8275bc79f552116d06869,068066e24f0c643eb1d089c7dd20cd73,495d4e95a8cf8bbf8b432b612a2aa328,2018-01-16 02:00:00,home_decor,online_big,unknown,True,True,0,reseller,0.0,0.0
e29db7c8b090e8df0246f5a54cd72799,1a8e2d9c38b84a9702ac7922924b0573,de63de0d10a6012430098db33c679b0b,4ef15afb4b2723d8f3d81e51ec7afefe,2018-01-22 17:11:43,household_utilities,industry,unknown,True,True,0,manufacturer,0.0,0.0
a58f8a3280b2dd6440d88af9decb9b1f,c32fc744b9160ac853450488e3cfea93,9e4d1098a3b0f5da39b0bc48f9876645,85fc447d336637ba1df43e793199fbc8,2018-03-05 20:54:03,food_supplement,online_medium,cat,True,True,0,reseller,0.0,0.0
3469f647707d7517364600b07bd45816,165b1235e9e9942cb5fae67103576fb0,068066e24f0c643eb1d089c7dd20cd73,495d4e95a8cf8bbf8b432b612a2aa328,2018-04-30 16:01:35,home_decor,online_big,cat,True,True,0,reseller,0.0,0.0
fc723a87e241c9b3c2e5fd4df4ff8e9d,9803a40e82e45418ab7fb84091af5231,4b339f9567d060bcea4f5136b9f5949e,c638112b43f1d1b86dcabb0da720c901,2018-03-09 14:18:20,audio_video_electronics,online_big,cat,True,True,0,reseller,0.0,0.0
a7a8f7739ddc1abdd3bf7d4f9d8a911f,ec8463980a4e0ea9f8517aea1ed0c419,4b339f9567d060bcea4f5136b9f5949e,9e4d1098a3b0f5da39b0bc48f9876645,2018-04-09 18:58:34,home_decor,online_medium,shark,True,True,0,manufacturer,0.0,0.0
647715020a35f278c5ff9de26e2a4f9b,f9eda05b67bef472deaddbba84aca289,56bf83c4bb35763a51c2baab501b4c67,4ef15afb4b2723d8f3d81e51ec7afefe,2018-03-07 17:11:48,watches,offline,eagle,True,True,0,reseller,0.0,0.0
a0a7ffa593070c447c15f66e0aab9785,ffa6adafb71b807dc13159e26431354c,9e4d1098a3b0f5da39b0bc48f9876645,6565aa9ce3178a5caf6171827af3a9ba,2018-02-20 17:44:19,car_accessories,online_big,eagle,True,True,0,manufacturer,0.0,0.0
4fdeceef54c4e757fdbf8ea9132b22c9,447d377bdb757058acb569025ee18a93,4b339f9567d060bcea4f5136b9f5949e,fbf4aef3f6915dc0c3c97d6812522f6a,2018-01-26 12:23:51,toys,online_medium,unknown,True,True,0,reseller,0.0,0.0
0f7a3e9f4a5a415ee8d01aa7ad65ab7a,1f7dfad2cb384ea4d2d7e1ffbd78c407,34d40cdaf94010a1d05b0d6212f9e909,9e4d1098a3b0f5da39b0bc48f9876645,2018-04-20 03:00:00,toys,industry,cat,True,True,0,manufacturer,0.0,0.0
04921466d09d50f6541fdd33b322c876,8de8fe3af4449ed695d2434c933ed73e,4b339f9567d060bcea4f5136b9f5949e,56bf83c4bb35763a51c2baab501b4c67,2018-06-08 19:09:46,air_conditioning,online_medium,shark,True,True,0,reseller,0.0,0.0
e84d3444422cda735543114cf5df6b95,db2956745b3a8e9f3785c99f34b5d25e,9d12ef1a7eca3ec58c545c678af7869c,de63de0d10a6012430098db33c679b0b,2018-03-22 19:35:04,audio_video_electronics,online_medium,cat,True,True,0,manufacturer,0.0,0.0
70e177868d7bc383ce3ea10b6f976ada,c5f7e746b7e6d07def6c0dae9903279b,56bf83c4bb35763a51c2baab501b4c67,d3d1e91a157ea7f90548eef82f1955e3,2018-03-01 12:22:46,pet,industry,unknown,True,True,0,reseller,0.0,0.0
860e39bc33e7c4ca4c26ec67979cc290,4bfc7a4a1cf8d4d2121c27422d9e50b5,a8387c01a09e99ce014107505b92388c,2695de1affa7750089c0455f8ce27021,2018-03-08 03:00:00,home_decor,online_big,cat,True,True,0,reseller,0.0,0.0
ba7fb7aa93b1203a1f5e19b0857870e3,bec568278124768c474ee90971ca94d1,4b339f9567d060bcea4f5136b9f5949e,2695de1affa7750089c0455f8ce27021,2018-06-05 13:34:52,home_decor,online_beginner,cat,True,True,0,reseller,0.0,0.0
d2108470e2824da1f619e91a0e4784d0,762fafdaa57a532ee0119731697579dd,068066e24f0c643eb1d089c7dd20cd73,d3d1e91a157ea7f90548eef82f1955e3,2018-02-28 22:17:25,toys,online_beginner,cat,True,True,0,reseller,0.0,0.0
d8da124409cad437d5d2c35b101e3b91,d263fa444c1504a75cbca5cc465f592a,56bf83c4bb35763a51c2baab501b4c67,6565aa9ce3178a5caf6171827af3a9ba,2018-03-29 12:34:47,gifts,offline,unknown,True,True,0,reseller,0.0,0.0
70217dd96da535e0b862ae12245c8906,3f9be91358837bff69df67edfa3e42e8,9e4d1098a3b0f5da39b0bc48f9876645,495d4e95a8cf8bbf8b432b612a2aa328,2018-03-01 17:44:43,pet,online_medium,cat,True,True,0,reseller,0.0,0.0
3d98ceed3d2937a5e819cd5b239220a3,4867209cb29b56b92893d7bde3ce8012,de63de0d10a6012430098db33c679b0b,4ef15afb4b2723d8f3d81e51ec7afefe,2018-01-29 11:26:57,health_beauty,online_small,unknown,True,True,0,manufacturer,0.0,0.0
518f741fa426a51c73533c621e5c8107,d4ffeb15b67e81ff9af2b4252d99fb7e,068066e24f0c643eb1d089c7dd20cd73,de63de0d10a6012430098db33c679b0b,2018-04-04 17:31:09,bags_backpacks,online_medium,cat,True,True,0,reseller,0.0,0.0
7c01802bb3674e5af58547b0395bcb2d,5e9f5bd34e0830569f05c9d4f56e04a8,9e4d1098a3b0f5da39b0bc48f9876645,fbf4aef3f6915dc0c3c97d6812522f6a,2018-03-28 03:00:00,bags_backpacks,online_medium,eagle,True,True,0,manufacturer,0.0,0.0
6e4e57e5aacf1a8feffa258c2c6ff947,d8bf0fc082fd4a77fc2e5679b6c00133,09285259593c61296eef10c734121d5b,d3d1e91a157ea7f90548eef82f1955e3,2018-04-06 03:00:00,construction_tools_house_garden,online_medium,wolf,True,True,0,reseller,0.0,0.0
384008daaa0f14b58912d8648101fdd0,8a432f4e5b471f8da497d7dc517666e2,9e4d1098a3b0f5da39b0bc48f9876645,c638112b43f1d1b86dcabb0da720c901,2018-03-12 17:30:06,bed_bath_table,online_big,cat,True,True,0,reseller,0.0,0.0
586e57a7ef16035bd85e2dcf44248130,03a2a6dcbe45d639c4dc2a0d24769c40,de63de0d10a6012430098db33c679b0b,4ef15afb4b2723d8f3d81e51ec7afefe,2018-02-09 18:11:10,construction_tools_house_garden,online_beginner,unknown,True,True,0,reseller,0.0,0.0
99fc32e3c05e03597a692c4fd9a9d162,6a38087bc8ad4f89ff453561005f6dea,b90f87164b5f8c2cfa5c8572834dbe3f,4ef15afb4b2723d8f3d81e51ec7afefe,2018-05-11 21:26:07,computers,online_big,cat,True,True,0,reseller,0.0,0.0
e866f5b284008f65db1641dae437f9c2,d9a84e1403de8da0c3aa531d6d108ba6,4b339f9567d060bcea4f5136b9f5949e,4ef15afb4b2723d8f3d81e51ec7afefe,2018-01-30 11:33:40,toys,online_medium,unknown,True,True,0,reseller,0.0,0.0
e5c8f30b30415b1fc94d820ba9d4d08c,f12d3c2a14729ae461b920c11fe20fdc,fdb16d3cbbeb5798f2f66c4096be026d,fbf4aef3f6915dc0c3c97d6812522f6a,2018-02-02 13:10:58,home_decor,online_big,unknown,True,True,0,reseller,0.0,0.0
3efcf88e3453fc6d9ce464e51d3a81d4,a8739afb32aaa45e01815ca76f76f54b,9e4d1098a3b0f5da39b0bc48f9876645,495d4e95a8cf8bbf8b432b612a2aa328,2018-02-28 17:16:01,car_accessories,online_big,eagle,True,True,0,reseller,0.0,0.0
3da19335c0dfd2c484d977ca16bfebd2,5bf397d04035b5f45cc41e82ec106803,068066e24f0c643eb1d089c7dd20cd73,2695de1affa7750089c0455f8ce27021,2018-03-13 17:16:23,household_utilities,offline,cat,True,True,0,reseller,0.0,0.0
4dcfeaf97d0aec9f35e384d9c3624b39,d1ef48b38baca7e831711c4a0aeb398f,068066e24f0c643eb1d089c7dd20cd73,2695de1affa7750089c0455f8ce27021,2018-02-15 17:22:47,construction_tools_house_garden,online_medium,unknown,True,True,0,reseller,0.0,0.0
a6807243689c76d0e34230e8e6ce5ca9,e5cbe890e679490127e9a390b46bbd20,f42a2bd194f7802ab052a815c8de65b7,2695de1affa7750089c0455f8ce27021,2018-04-25 22:04:32,food_supplement,online_top,eagle,True,True,0,manufacturer,0.0,0.0
4e92cdeada5b8e753d95bc8c5c219f6d,723cd880edaacdb998898b67c8f9da30,068066e24f0c643eb1d089c7dd20cd73,85fc447d336637ba1df43e793199fbc8,2018-03-09 20:12:38,bed_bath_table,online_medium,unknown,True,True,0,reseller,0.0,0.0
18f5d73a3c6b68160f6aa7fd089423b3,36f98ad67cc981f50ce8aed093d5783c,f42a2bd194f7802ab052a815c8de65b7,9ae085775a198122c5586fa830ff7f2b,2018-05-16 13:32:26,audio_video_electronics,online_small,eagle,True,True,0,reseller,0.0,0.0
0d6080ffaadf8f8fd9648afb791c29c2,83c465a786b06574376909b35ef6752a,09285259593c61296eef10c734121d5b,d3d1e91a157ea7f90548eef82f1955e3,2018-04-23 19:26:30,handcrafted,offline,eagle,True,True,0,unknown,0.0,0.0
973f72ab89f64e22470778a9bd1ea10f,6c99c983ce3b6ba0ab813e6790e81691,068066e24f0c643eb1d089c7dd20cd73,d3d1e91a157ea7f90548eef82f1955e3,2018-04-16 18:25:12,toys,online_small,cat,True,True,0,reseller,0.0,0.0
bb221b9bbbf25cc108cffe12fe10fbc2,5e105f5c9f63f5f1fd75d6cb942e55b1,068066e24f0c643eb1d089c7dd20cd73,6565aa9ce3178a5caf6171827af3a9ba,2018-01-30 11:42:01,home_decor,online_medium,unknown,True,True,0,manufacturer,0.0,0.0
fff8db9478d2fd72df65a67ee6b62f67,bdae679a9b282249bc23b9b69dae9a99,4b339f9567d060bcea4f5136b9f5949e,6565aa9ce3178a5caf6171827af3a9ba,2018-01-24 15:19:49,construction_tools_house_garden,online_medium,unknown,True,True,0,reseller,0.0,0.0
085df4d5a370218b679cfab2121cd194,52a50b42accf164f9f019941e5759d9b,0a0fb2b07d841f84fb6714e35c723075,a8387c01a09e99ce014107505b92388c,2018-05-04 03:00:00,food_drink,online_small,eagle,True,True,0,manufacturer,0.0,0.0
cbcb32994827a5c4ef1b8a630a4fa66e,da7039f29f90ce5b4846ffc0fcc93beb,56bf83c4bb35763a51c2baab501b4c67,4ef15afb4b2723d8f3d81e51ec7afefe,2018-02-27 17:13:23,audio_video_electronics,online_medium,cat,True,True,0,reseller,0.0,0.0
3de2f5d6b216073b662a9e202fb4b556,f22a247b79dd22ecd91dc8e3b2a1b07c,a8387c01a09e99ce014107505b92388c,4ef15afb4b2723d8f3d81e51ec7afefe,2018-04-18 14:08:11,health_beauty,online_medium,cat,True,True,0,manufacturer,0.0,0.0
47a752e75a196b3b4edd825252ccf97f,bb7ad8a45c027be8ab075b8e465f8ca0,068066e24f0c643eb1d089c7dd20cd73,a8387c01a09e99ce014107505b92388c,2018-05-21 19:55:20,household_utilities,industry,cat,True,True,0,manufacturer,0.0,0.0
450b9ff6579ee8138f673984554e8a93,1cbd32d00d01bb8087a5eb088612fd9c,4b339f9567d060bcea4f5136b9f5949e,d3d1e91a157ea7f90548eef82f1955e3,2018-05-02 14:23:32,health_beauty,online_big,cat,True,True,0,reseller,0.0,0.0
115f08592f4c2bb29013efbbc46608fc,ffc470761de7d0232558ba5e786e57b7,4b339f9567d060bcea4f5136b9f5949e,4ef15afb4b2723d8f3d81e51ec7afefe,2018-02-14 11:48:29,construction_tools_house_garden,online_big,unknown,True,True,0,reseller,0.0,0.0
ff89e8ee1db049c810a2da86c84c6bd5,07de60b03d150fb3ea09eab5da5e4c8b,de63de0d10a6012430098db33c679b0b,d3d1e91a157ea7f90548eef82f1955e3,2018-01-24 17:14:32,bed_bath_table,industry,unknown,True,True,0,manufacturer,0.0,0.0
2b9b8e32584fe9897d8aedde5bc04ed7,86ff3eaef0267069cc891a2ed9d10a17,068066e24f0c643eb1d089c7dd20cd73,060c0a26f19f4d66b42e0d8796688490,2018-03-29 18:06:54,sports_leisure,online_medium,cat,True,True,0,reseller,0.0,0.0
bb10ba1898d78d59bb76db2493ca511c,299c89a525fee36c567f4fe72f038100,068066e24f0c643eb1d089c7dd20cd73,495d4e95a8cf8bbf8b432b612a2aa328,2018-02-28 03:00:00,audio_video_electronics,online_big,unknown,True,True,0,manufacturer,0.0,0.0
04f8b803895d585e29bf21162e49cc84,3ea08c48e851106d2f584349daba335f,068066e24f0c643eb1d089c7dd20cd73,4ef15afb4b2723d8f3d81e51ec7afefe,2018-04-19 17:11:18,baby,online_medium,cat,True,True,0,manufacturer,0.0,0.0
099c0eddd44f937ac2facf3a72263b7f,2d34636518ba88f5349b732fcf8ba2e4,de63de0d10a6012430098db33c679b0b,6565aa9ce3178a5caf6171827af3a9ba,2018-02-19 20:21:26,computers,industry,unknown,True,True,0,reseller,0.0,0.0
ee7230dec6c5cf2229f0a706a265ca49,e8dba4d70f7f2b20e775d09cae01142d,34d40cdaf94010a1d05b0d6212f9e909,a8387c01a09e99ce014107505b92388c,2018-05-14 20:15:57,bags_backpacks,online_big,cat,True,True,0,reseller,0.0,0.0
05b99715f32c973f929cd22735389966,bbe87dce25ba8b38bb61cc7210a3f10b,9e4d1098a3b0f5da39b0bc48f9876645,85fc447d336637ba1df43e793199fbc8,2018-03-22 15:07:28,construction_tools_house_garden,online_big,cat,True,True,0,reseller,0.0,0.0
2a0433fde38b262e5db7db757057c7c0,94165aea8a35c3c21499cbcae239b16c,56bf83c4bb35763a51c2baab501b4c67,4ef15afb4b2723d8f3d81e51ec7afefe,2018-03-16 14:14:20,car_accessories,online_medium,eagle,True,True,0,reseller,0.0,0.0
53be01f4f05aebe9d0c69268ac1999ce,3d2531eccfbde1d7c8db7a3a12fb267a,9e4d1098a3b0f5da39b0bc48f9876645,2695de1affa7750089c0455f8ce27021,2018-03-09 12:49:20,music_instruments,online_medium,unknown,True,True,0,reseller,0.0,0.0
35dae000552fd88cce58a6571998738c,184725737946a1a938bbbd1a9e978103,370c9f455f93a9a96cbe9bea48e70033,9e4d1098a3b0f5da39b0bc48f9876645,2018-04-20 20:48:35,fashion_accessories,online_big,cat,True,True,0,reseller,0.0,0.0
d73084414361442cb1fd4d659b395c38,2ba91c7ad80ff88b23b7db823b43c233,068066e24f0c643eb1d089c7dd20cd73,495d4e95a8cf8bbf8b432b612a2aa328,2018-01-18 11:22:24,pet,unknown,unknown,True,True,0,reseller,0.0,0.0
fb24fdefb6d2dd80651f6c1a87bc0d7f,bf0d50a6410d487dc97d2baac0a8c0be,56bf83c4bb35763a51c2baab501b4c67,2695de1affa7750089c0455f8ce27021,2018-04-09 18:22:46,home_decor,online_medium,cat,True,True,0,manufacturer,0.0,0.0
16b2e31fefe580e6aab327e53949bc14,9da15f4a4ea758d9eeb49000dbe57e22,a8387c01a09e99ce014107505b92388c,495d4e95a8cf8bbf8b432b612a2aa328,2018-03-09 03:00:00,home_decor,online_medium,wolf,True,True,0,reseller,0.0,0.0
04ecc73f538bcc74df709fe9281e08b8,0a85ebe4e328db81ac9109781205e2f7,56bf83c4bb35763a51c2baab501b4c67,4ef15afb4b2723d8f3d81e51ec7afefe,2018-03-15 17:13:24,home_decor,online_medium,eagle,True,True,0,manufacturer,0.0,0.0
7fd23d812013ce3b530b821d855bccbf,7f5e4d5efad7e44b91115dd1decb65f3,068066e24f0c643eb1d089c7dd20cd73,4ef15afb4b2723d8f3d81e51ec7afefe,2018-04-09 21:04:41,audio_video_electronics,online_medium,unknown,True,True,0,reseller,0.0,0.0
e4ccb212806eb5e35794b3ebbdf1f6b6,1b4b28463457a256e9a784ebe2a8f630,a8387c01a09e99ce014107505b92388c,4ef15afb4b2723d8f3d81e51ec7afefe,2018-04-23 20:40:04,car_accessories,online_medium,cat,True,True,0,reseller,0.0,0.0
c7f1da0a5723f5afd7996648fa9c20d5,42fa4ee7240e9b8eb4576358ec142ba7,de63de0d10a6012430098db33c679b0b,d3d1e91a157ea7f90548eef82f1955e3,2018-01-29 12:15:43,household_utilities,online_medium,unknown,True,True,0,reseller,0.0,0.0
7c3e1a45e4127c0eb25d7a8b7250da5b,89a51f50b8095ea78d5768f34c13a76f,068066e24f0c643eb1d089c7dd20cd73,060c0a26f19f4d66b42e0d8796688490,2018-04-10 19:17:03,health_beauty,online_small,unknown,True,True,0,reseller,0.0,0.0
8e12ae4ee6dc484ecf2277a19b845658,f9ec7093df3a7b346b7bcf7864069ca3,4b339f9567d060bcea4f5136b9f5949e,495d4e95a8cf8bbf8b432b612a2aa328,2018-05-11 17:09:22,small_appliances,online_medium,cat,True,True,0,reseller,0.0,0.0
e75d0b169ffeb90d4b805790ce68a239,7238a95bb63ef7e498389fb863b834a1,9e4d1098a3b0f5da39b0bc48f9876645,85fc447d336637ba1df43e793199fbc8,2018-03-26 12:07:20,construction_tools_house_garden,online_big,cat,True,True,0,manufacturer,0.0,0.0
08fdf1038af7dd3070bdcd18922e23b2,850913d59ce317156b00f3705f1c3edb,4b339f9567d060bcea4f5136b9f5949e,d3d1e91a157ea7f90548eef82f1955e3,2018-02-08 17:29:13,phone_mobile,online_medium,unknown,True,True,0,reseller,0.0,0.0
b2fb7865dfca2461177cbad7ec520b0e,e1c76f339ebd5460999f25a2aa8c92c5,56bf83c4bb35763a51c2baab501b4c67,c638112b43f1d1b86dcabb0da720c901,2018-02-08 17:10:00,small_appliances,online_medium,unknown,True,True,0,unknown,0.0,0.0
5ebfa70416c6e41452ddde4ce2b536ac,72c38a04bd6a1c3dbc5298425a0db86d,068066e24f0c643eb1d089c7dd20cd73,c638112b43f1d1b86dcabb0da720c901,2018-03-06 11:29:22,audio_video_electronics,online_beginner,cat,True,True,0,reseller,0.0,0.0
c2dd0b60035ad00b08f81244a20b4860,57df9869a600bd6b7c405f2a862eccfb,56bf83c4bb35763a51c2baab501b4c67,4ef15afb4b2723d8f3d81e51ec7afefe,2018-01-16 12:36:23,household_utilities,online_medium,unknown,True,True,0,manufacturer,0.0,0.0
b47ea67781941189af94d2e217161684,4e480be820e37de1444325ff358c9296,370c9f455f93a9a96cbe9bea48e70033,fbf4aef3f6915dc0c3c97d6812522f6a,2018-05-30 17:49:58,car_accessories,online_big,cat,True,True,0,reseller,0.0,0.0
f5386ed31571beed0361427ff58a9778,ce4755084bc097113867e6454f8f5e52,370c9f455f93a9a96cbe9bea48e70033,d3d1e91a157ea7f90548eef82f1955e3,2018-05-08 17:48:59,health_beauty,industry,cat,True,True,0,manufacturer,0.0,0.0
d1d99ef14bb813e29718b9b4df53de52,ca7c6bd577e559472af1c699de9e764e,a8387c01a09e99ce014107505b92388c,9ae085775a198122c5586fa830ff7f2b,2018-03-15 21:09:42,health_beauty,online_medium,cat,True,True,0,reseller,0.0,0.0
fa49eb69043e202e2370b17f86bb10a8,13511db12ac61e2f89c53b72a944a60b,4b339f9567d060bcea4f5136b9f5949e,4ef15afb4b2723d8f3d81e51ec7afefe,2018-02-22 18:03:54,car_accessories,online_big,wolf,True,True,0,manufacturer,0.0,0.0
31aa9651503a33c7f28f2a6e4d46b6e0,d3dcf0604eabf0224fbd5948b5e02f69,de63de0d10a6012430098db33c679b0b,4ef15afb4b2723d8f3d81e51ec7afefe,2018-02-02 11:22:56,music_instruments,online_medium,unknown,True,True,0,reseller,0.0,0.0
c9b03be66eee564123ecf4b66c25986a,7ade73f1b9b4e965f9009a4c3a7e2c15,56bf83c4bb35763a51c2baab501b4c67,c638112b43f1d1b86dcabb0da720c901,2018-03-22 13:14:56,household_utilities,online_medium,eagle,True,True,0,manufacturer,0.0,0.0
2b6a1d360326583e2b95118913845eb5,87d3c3aeb3ead335511b3ce315eb341e,b90f87164b5f8c2cfa5c8572834dbe3f,a8387c01a09e99ce014107505b92388c,2018-05-14 13:25:24,toys,offline,cat,True,True,0,reseller,0.0,0.0
dd61b41d5b91a9a09e504f025a87553b,ae45df84722b1d15c5f32b23a095746c,de63de0d10a6012430098db33c679b0b,4ef15afb4b2723d8f3d81e51ec7afefe,2018-01-30 17:39:30,health_beauty,online_small,unknown,True,True,0,reseller,0.0,0.0
8b0a6e823972477463ff90b9e804a70c,cad9969167c09b48ae6f1d123f7fa68d,fdb16d3cbbeb5798f2f66c4096be026d,4ef15afb4b2723d8f3d81e51ec7afefe,2018-02-07 15:45:25,home_decor,online_small,unknown,True,True,0,reseller,0.0,0.0
c242ee43f6d34d89ee71b02fbc5e88a7,85044848b1b767db2a4a58526adef4b4,4b339f9567d060bcea4f5136b9f5949e,c638112b43f1d1b86dcabb0da720c901,2018-02-05 20:03:48,phone_mobile,offline,unknown,True,True,0,reseller,0.0,0.0
7290c4082936311a3295b7c9ca7bda8f,9c1c0c36cd23c20897e473901a8fb149,9e4d1098a3b0f5da39b0bc48f9876645,fbf4aef3f6915dc0c3c97d6812522f6a,2018-03-19 20:26:27,food_drink,online_medium,cat,True,True,0,reseller,0.0,0.0
0ace14f7dd3d8e29870664c6fa021440,ce20a2ec1514c25e16f2b5b39bc818f0,56bf83c4bb35763a51c2baab501b4c67,060c0a26f19f4d66b42e0d8796688490,2018-02-05 18:10:27,pet,online_medium,unknown,True,True,0,reseller,0.0,0.0
f2258c61a8b46c0620005f5949fb11b8,cad10cc982ab6a391570c211b995c17c,068066e24f0c643eb1d089c7dd20cd73,6565aa9ce3178a5caf6171827af3a9ba,2018-03-14 16:52:04,pet,online_medium,wolf,True,True,0,reseller,0.0,0.0
3532ba8963b76ecaa46dc6d6f055a31a,7d7d2b7a51328016102d4528c411d630,56bf83c4bb35763a51c2baab501b4c67,4ef15afb4b2723d8f3d81e51ec7afefe,2018-03-14 12:23:39,home_decor,offline,cat,True,True,0,reseller,0.0,0.0
6451343e4f4041fb19ddf7b9dc58538b,651530bf5c607240ccdd89a30c9c9712,370c9f455f93a9a96cbe9bea48e70033,85fc447d336637ba1df43e793199fbc8,2018-06-27 15:12:26,bags_backpacks,industry,wolf,True,True,0,manufacturer,0.0,0.0
2fdef625a264874c1a4081ca24dd479d,5670f4db5b62c43d542e1b2d56b0cf7c,9d12ef1a7eca3ec58c545c678af7869c,4ef15afb4b2723d8f3d81e51ec7afefe,2018-03-26 20:42:32,health_beauty,online_big,eagle,True,True,0,reseller,0.0,0.0
a78562b316f0578286ddea6e6eaf2c63,929f342384a6607afe143d789ade1316,a8387c01a09e99ce014107505b92388c,4ef15afb4b2723d8f3d81e51ec7afefe,2018-04-11 13:39:02,construction_tools_house_garden,online_small,cat,True,True,0,reseller,0.0,0.0
c0760e4171db0cd649bda18fcd314e33,4c18691b6037662be2df78a765d98ab5,fdb16d3cbbeb5798f2f66c4096be026d,fbf4aef3f6915dc0c3c97d6812522f6a,2018-01-22 15:28:51,household_utilities,online_small,unknown,True,True,0,reseller,0.0,0.0
9ef248df74556f4768271660f5ef5f7b,aa2640d851ec322526f1295bbeb20092,4b339f9567d060bcea4f5136b9f5949e,6565aa9ce3178a5caf6171827af3a9ba,2018-02-07 11:14:36,home_decor,online_medium,unknown,True,True,0,reseller,0.0,0.0
4532f03593699ffdfd5fc1b58540190e,19d62d484cba71963c93f0f00ab42013,068066e24f0c643eb1d089c7dd20cd73,fbf4aef3f6915dc0c3c97d6812522f6a,2018-03-14 19:43:52,home_decor,online_top,cat,True,True,0,manufacturer,0.0,0.0
e9631bea70bc3ae4018bff0eac2c0986,5b0cc932433fa5184b5b94bfe6bcc256,370c9f455f93a9a96cbe9bea48e70033,a8387c01a09e99ce014107505b92388c,2018-05-17 12:42:15,home_decor,online_medium,eagle,True,True,0,manufacturer,0.0,0.0
dcee66ccb49a492ae42c446c0cc01b3a,cd2169d9f31ff6fbb9ca3373b0c9e354,068066e24f0c643eb1d089c7dd20cd73,85fc447d336637ba1df43e793199fbc8,2018-04-23 21:07:06,audio_video_electronics,online_medium,cat,True,True,0,reseller,0.0,0.0
4a357e43fba47afd6d96c6f6524ade53,9aa388272ee334b6ae07bc73706e254a,068066e24f0c643eb1d089c7dd20cd73,d3d1e91a157ea7f90548eef82f1955e3,2018-02-19 19:49:04,bed_bath_table,online_medium,unknown,True,True,0,manufacturer,0.0,0.0
63d196328512c582293ce6c845521bb6,1fe5540d7c1c37a595fefbacd5570d9e,0a0fb2b07d841f84fb6714e35c723075,34d40cdaf94010a1d05b0d6212f9e909,2018-07-20 18:18:14,computers,online_medium,eagle,False,True,50-200,reseller,0.0,0.0
6fd8a9e989f62bd98e7d20c2f81b1519,bce6a5ecf98e99fd2a8868b15c51f04b,068066e24f0c643eb1d089c7dd20cd73,d3d1e91a157ea7f90548eef82f1955e3,2018-04-13 03:00:00,watches,online_medium,cat,True,True,0,reseller,0.0,0.0
33d81348225fe436802063fc73e6f2c5,902c99f1ac505c0d18778b61bcd636f7,a8387c01a09e99ce014107505b92388c,85fc447d336637ba1df43e793199fbc8,2018-07-13 11:53:00,gifts,online_medium,cat,True,True,0,reseller,0.0,0.0
ac2adbbec7f0d2fffad8e21d5e8a58e1,2e7ea2aafec5835e781b21d6d1faf1f1,068066e24f0c643eb1d089c7dd20cd73,495d4e95a8cf8bbf8b432b612a2aa328,2018-05-21 17:41:31,health_beauty,online_medium,cat,True,True,0,reseller,0.0,0.0
8dcedd6884e553e55dfb6298a6f6cd94,b3809b8d4394588a47c8470ea331e135,370c9f455f93a9a96cbe9bea48e70033,85fc447d336637ba1df43e793199fbc8,2018-04-10 19:34:27,audio_video_electronics,online_medium,cat,True,True,0,reseller,0.0,0.0
ba0773260354774c193b04f6af910192,674207551483fec113276b67b0d871ff,4b339f9567d060bcea4f5136b9f5949e,6565aa9ce3178a5caf6171827af3a9ba,2018-03-29 17:05:39,household_utilities,online_medium,wolf,True,True,0,manufacturer,0.0,0.0
28f36aa85fbadc0663c2df15a5af35db,455befea1bb853c75ccbca94cff26e5c,f42a2bd194f7802ab052a815c8de65b7,de63de0d10a6012430098db33c679b0b,2018-04-20 16:29:28,phone_mobile,offline,cat,True,True,0,unknown,0.0,0.0
80f3f5f7b631b0e974a4a4627672e73a,dace965ca58120f92f8d742a9fa1864b,de63de0d10a6012430098db33c679b0b,d3d1e91a157ea7f90548eef82f1955e3,2018-01-30 12:17:36,health_beauty,online_beginner,unknown,True,True,0,reseller,0.0,0.0
20c1fd3638caa5d1dce50b6c0b7fc409,ea4e9ce63a2134743b4a92777437fcdd,9e4d1098a3b0f5da39b0bc48f9876645,060c0a26f19f4d66b42e0d8796688490,2018-03-20 13:53:13,audio_video_electronics,online_medium,cat,True,True,0,manufacturer,0.0,0.0
d3acf9ea06733ab725beeec8333da403,48e954b2da4f6a750c844173b347ed40,4b339f9567d060bcea4f5136b9f5949e,d3d1e91a157ea7f90548eef82f1955e3,2018-02-15 12:24:37,food_drink,online_small,unknown,True,True,0,reseller,0.0,0.0
820f7970418d010d52a1c1db2d3c1d65,28c7d8743fbc8679f484868cc0fcaefb,9d12ef1a7eca3ec58c545c678af7869c,4ef15afb4b2723d8f3d81e51ec7afefe,2018-03-23 19:52:00,health_beauty,offline,wolf,True,True,0,reseller,0.0,0.0
c9535ee549d198a4b146a5a81e0a6450,186cdd1b2df32caa72cfb410bba768d3,4b339f9567d060bcea4f5136b9f5949e,060c0a26f19f4d66b42e0d8796688490,2018-03-01 19:48:16,household_utilities,online_small,wolf,True,True,0,reseller,0.0,0.0
6fb435d98ce368e0b727cec0f8a2ccfb,fac1a9017ade7bdc94058fc1c969f355,4b339f9567d060bcea4f5136b9f5949e,fbf4aef3f6915dc0c3c97d6812522f6a,2018-04-27 12:39:38,computers,online_medium,wolf,True,True,0,reseller,0.0,0.0
719a6e5ecb3067f0725a36f477404c5c,269c5fc9fcadee614364c3620c30a1f9,370c9f455f93a9a96cbe9bea48e70033,6565aa9ce3178a5caf6171827af3a9ba,2018-06-21 12:39:59,bags_backpacks,offline,wolf,True,True,0,reseller,0.0,0.0
e0bcbf50b9afa71ee130b94dfe8bcf2e,516e7738bd8f735ac19a010ee5450d8d,9d12ef1a7eca3ec58c545c678af7869c,495d4e95a8cf8bbf8b432b612a2aa328,2018-05-08 13:32:34,health_beauty,online_small,cat,True,True,0,reseller,0.0,0.0
c14a716bc18a0f87296c2ec10bfe8929,788e857f317e53de488d393e65a80f45,4b339f9567d060bcea4f5136b9f5949e,4ef15afb4b2723d8f3d81e51ec7afefe,2018-04-05 14:44:21,bags_backpacks,online_medium,wolf,True,True,0,manufacturer,0.0,0.0
85ac6feb584b665e85664974c546cfec,74636e24f01da9268b0ed88dacd8513e,56bf83c4bb35763a51c2baab501b4c67,9ae085775a198122c5586fa830ff7f2b,2018-02-28 16:19:57,toys,online_medium,cat,True,True,0,reseller,0.0,0.0
75743dbfcf177f2885a59b460017feee,2039c5e51785b5dde7cf93ccb3b7be2c,4b339f9567d060bcea4f5136b9f5949e,2695de1affa7750089c0455f8ce27021,2018-06-14 15:43:46,audio_video_electronics,online_beginner,wolf,True,True,0,reseller,0.0,0.0
37ff30ea1566d0236fbe68c74def55bd,9ac4f14370b1e24ddc58be041b7f99df,56bf83c4bb35763a51c2baab501b4c67,4ef15afb4b2723d8f3d81e51ec7afefe,2018-01-31 16:40:54,bags_backpacks,online_medium,unknown,True,True,0,manufacturer,0.0,0.0
9bde09f29256de88f4897345646c850c,a11a0e0ca67423425691db355cff69b0,b90f87164b5f8c2cfa5c8572834dbe3f,d3d1e91a157ea7f90548eef82f1955e3,2018-05-04 03:00:00,car_accessories,online_medium,cat,True,True,0,manufacturer,0.0,0.0
1d656ca6611216968c7c89914031e043,89757206b887aed36f3e18d858460fea,4b339f9567d060bcea4f5136b9f5949e,c638112b43f1d1b86dcabb0da720c901,2018-02-27 20:53:04,bags_backpacks,online_medium,wolf,True,True,0,reseller,0.0,0.0
abcbe3ee8523b90b416337f0abd94a53,6bd503a8230299c9316fb0f726933927,09285259593c61296eef10c734121d5b,068066e24f0c643eb1d089c7dd20cd73,2018-05-21 21:21:21,health_beauty,online_big,wolf,True,True,0,reseller,0.0,0.0
746ac26956df2d6be2b2c66c26b62fda,3903c788ded8dc03b5ebab37a2f3e9a1,09285259593c61296eef10c734121d5b,d3d1e91a157ea7f90548eef82f1955e3,2018-04-09 12:26:37,household_utilities,online_big,wolf,True,True,0,reseller,0.0,0.0
62a081b993506561f522af260073cb18,094ced053e257ae8cae57205592d6712,9e4d1098a3b0f5da39b0bc48f9876645,4ef15afb4b2723d8f3d81e51ec7afefe,2018-03-13 12:33:10,health_beauty,online_medium,cat,True,True,0,reseller,0.0,0.0
bc419ad99b06b6b3e155039d714e2061,54583ab379489add547fe47b628db589,4b339f9567d060bcea4f5136b9f5949e,4ef15afb4b2723d8f3d81e51ec7afefe,2018-05-30 16:07:26,baby,online_medium,cat,True,True,0,reseller,0.0,0.0
c92c413cead7d8b67a89850ba352e1d1,c092292535a57dacd95a8765f5518f87,9e4d1098a3b0f5da39b0bc48f9876645,6565aa9ce3178a5caf6171827af3a9ba,2018-03-26 16:07:32,construction_tools_house_garden,online_medium,cat,True,True,0,reseller,0.0,0.0
7b6ad2297d3beb569ddf3ee1ce22ffa8,c70c1b0d8ca86052f45a432a38b73958,9e4d1098a3b0f5da39b0bc48f9876645,060c0a26f19f4d66b42e0d8796688490,2018-03-13 21:39:34,health_beauty,online_medium,shark,True,True,0,reseller,0.0,0.0
64c6e872abc90f8a480908b92521e25a,a53f60f05f822b5c621a50ff6a5cb362,4b339f9567d060bcea4f5136b9f5949e,85fc447d336637ba1df43e793199fbc8,2018-04-04 18:53:19,home_decor,online_big,wolf,True,True,0,manufacturer,0.0,0.0
89599d85cfa823d8886146af161ea5b3,88ef59b51bdaa941d10a853429f2b6ce,9d12ef1a7eca3ec58c545c678af7869c,fbf4aef3f6915dc0c3c97d6812522f6a,2018-04-18 20:05:55,audio_video_electronics,online_medium,cat,True,True,0,reseller,0.0,0.0
d6f0ffd9dd59848ed1b74ad799489755,7d81e74a4755b552267cd5e081563028,a8387c01a09e99ce014107505b92388c,a8387c01a09e99ce014107505b92388c,2018-05-14 12:26:01,construction_tools_house_garden,industry,cat,True,True,0,manufacturer,0.0,0.0
9af787c1e7409f0866ade669dba8f697,9b1f656ca3060f8af17a50d8a024b533,370c9f455f93a9a96cbe9bea48e70033,a8387c01a09e99ce014107505b92388c,2018-05-15 20:34:06,construction_tools_house_garden,online_medium,eagle,True,True,0,reseller,0.0,0.0
bd47dc58209bc820d555f935bf055e40,77a515caa36327151d1cc6c32a9f00e1,de63de0d10a6012430098db33c679b0b,4ef15afb4b2723d8f3d81e51ec7afefe,2018-02-15 14:58:37,stationery,industry,cat,True,True,0,manufacturer,0.0,0.0
8257329475414b1eaf3dc731440e01a7,ba90964cff9b9e0e6f32b23b82465f7b,56bf83c4bb35763a51c2baab501b4c67,c638112b43f1d1b86dcabb0da720c901,2018-02-09 17:10:58,small_appliances,unknown,cat,True,True,0,reseller,0.0,0.0
5f1a8a8fddbc8a5ff4bf0f111dc69ff4,43402bdf22aa2310e8f99e2f94f78628,a8387c01a09e99ce014107505b92388c,85fc447d336637ba1df43e793199fbc8,2018-04-05 18:45:56,home_office_furniture,industry,cat,True,True,0,manufacturer,0.0,0.0
3559ec2c1c4f29266d1c1eb0f1164549,28f10b1c5e5abb9d4857745bede6147c,370c9f455f93a9a96cbe9bea48e70033,85fc447d336637ba1df43e793199fbc8,2018-04-10 14:05:56,audio_video_electronics,online_big,cat,True,True,0,reseller,0.0,0.0
ddbfc14f2f93b8eeb75d4b11a876b7ba,1961c3e1272bfeceb05d0b78b5bbfdaf,b90f87164b5f8c2cfa5c8572834dbe3f,495d4e95a8cf8bbf8b432b612a2aa328,2018-06-07 14:21:17,games_consoles,online_medium,"eagle, cat",True,True,0,reseller,0.0,0.0
1dec44d3b8974e86ab337f1755cd893e,7adbd3210a7b3cc2235e225eef33574d,370c9f455f93a9a96cbe9bea48e70033,85fc447d336637ba1df43e793199fbc8,2018-04-10 22:03:57,household_utilities,online_medium,cat,True,True,0,reseller,0.0,0.0
1ce04284ef15be769958c668292573b8,33cbbec1e7e1044aaf11d152172c776f,de63de0d10a6012430098db33c679b0b,6565aa9ce3178a5caf6171827af3a9ba,2018-03-06 13:27:32,household_utilities,online_big,unknown,True,True,0,reseller,0.0,0.0
ca7ca7ea7912312362a50c3754c1cc2d,97e50a621f8e801f4baf69e08687c192,de63de0d10a6012430098db33c679b0b,4ef15afb4b2723d8f3d81e51ec7afefe,2018-02-08 20:28:27,toys,online_small,unknown,True,True,0,reseller,0.0,0.0
f46657d673d95ccf8d12b1075ab7c653,f0ec78809fe0bc3edb11c9fe5b97b059,4b339f9567d060bcea4f5136b9f5949e,060c0a26f19f4d66b42e0d8796688490,2018-03-19 12:41:03,household_utilities,online_medium,cat,True,True,0,reseller,0.0,0.0
7a2c5f44c553096c00bd05e62c4f3771,6ebf4eceee4dd9847201c82e77ef8123,09285259593c61296eef10c734121d5b,9ae085775a198122c5586fa830ff7f2b,2018-03-27 14:48:01,health_beauty,online_beginner,cat,True,True,0,reseller,0.0,0.0
796e2f57fd87b9b44251e692e269f0bf,594f9aaa48e5bf431f011ddc5669b0d5,068066e24f0c643eb1d089c7dd20cd73,56bf83c4bb35763a51c2baab501b4c67,2018-04-06 19:42:14,bags_backpacks,online_medium,cat,True,True,0,reseller,0.0,0.0
15aea757696aaf9af950992f299b6789,e504a4e2efaa45cbff7e268a2c58c956,4b339f9567d060bcea4f5136b9f5949e,c638112b43f1d1b86dcabb0da720c901,2018-03-28 21:22:04,home_decor,industry,wolf,True,True,0,manufacturer,0.0,0.0
8ba72c13888964788024b12e39aef6de,6b90f847357d8981edd79a1eb1bf0acb,f42a2bd194f7802ab052a815c8de65b7,d3d1e91a157ea7f90548eef82f1955e3,2018-05-17 17:22:45,construction_tools_house_garden,online_medium,cat,True,True,0,reseller,0.0,0.0
cc7ae92e162840095c5bfa89acbcc478,5a4236931428800e9d9cc04af0987118,4b339f9567d060bcea4f5136b9f5949e,6565aa9ce3178a5caf6171827af3a9ba,2018-06-07 13:30:28,household_utilities,online_medium,cat,True,True,0,reseller,0.0,0.0
34aba6f934aa1a8de795d088a6875d28,2c2c9832d1bb38c5b0034a3b47d313ee,9d12ef1a7eca3ec58c545c678af7869c,fbf4aef3f6915dc0c3c97d6812522f6a,2018-04-13 16:21:23,health_beauty,industry,cat,True,True,0,manufacturer,0.0,0.0
45f4ec2f92cda096fc01052b9f53dd89,d63f306de130e0391d38a792541723b8,9d12ef1a7eca3ec58c545c678af7869c,4ef15afb4b2723d8f3d81e51ec7afefe,2018-04-25 16:03:49,car_accessories,online_medium,cat,True,True,0,reseller,0.0,0.0
26b54d75fad5660ca6471905fe1793cf,596849622429351f47b32e6cae1055ff,a8387c01a09e99ce014107505b92388c,56bf83c4bb35763a51c2baab501b4c67,2018-04-16 12:26:39,phone_mobile,online_medium,cat,True,True,0,reseller,0.0,0.0
8e8336b19eec4f492acff4a97a5a4bf4,9140ef75cc8211c4035935e80e567204,34d40cdaf94010a1d05b0d6212f9e909,4ef15afb4b2723d8f3d81e51ec7afefe,2018-06-05 18:00:37,pet,industry,eagle,True,True,0,manufacturer,0.0,0.0
e758533feded97683d573154714a195b,985c92cc412091f8529c12d7f23d3fef,a8387c01a09e99ce014107505b92388c,d3d1e91a157ea7f90548eef82f1955e3,2018-04-18 16:43:53,health_beauty,offline,eagle,True,True,0,reseller,0.0,0.0
9ea89671c9ac8a9c53062381b303f4d4,c7bb64409aa480bb7d0335faaaf3d242,09285259593c61296eef10c734121d5b,495d4e95a8cf8bbf8b432b612a2aa328,2018-04-11 17:08:35,car_accessories,online_big,cat,True,True,0,reseller,0.0,0.0
5d23750fc8ccf6284ca2ef9063c7b395,1e26c56af8d48424e1df0140a2401f83,9e4d1098a3b0f5da39b0bc48f9876645,fbf4aef3f6915dc0c3c97d6812522f6a,2018-02-26 13:02:58,construction_tools_house_garden,offline,cat,True,True,0,reseller,0.0,0.0
3138f2d16a2894a0b029ac115da88f8f,daf565f087a52def0fd5c5825b3661bc,a8387c01a09e99ce014107505b92388c,6565aa9ce3178a5caf6171827af3a9ba,2018-03-28 13:21:21,home_decor,online_big,cat,True,True,0,reseller,0.0,0.0
acc0e9c96173c579c90c05de205a2b63,9c7fd21e0aa159b20da593371f08ff7c,4b339f9567d060bcea4f5136b9f5949e,2695de1affa7750089c0455f8ce27021,2018-02-16 11:56:46,audio_video_electronics,online_medium,cat,True,True,0,reseller,0.0,0.0
f487c050e3c1f3c31f85b9f818ccc0c2,508808d438fe2ff972ed13bb8f4a82e2,370c9f455f93a9a96cbe9bea48e70033,34d40cdaf94010a1d05b0d6212f9e909,2018-07-24 19:56:07,home_decor,online_big,cat,True,True,0,reseller,0.0,0.0
dedd5db8f760f36dd41fba0d5e94308b,41da412d33e8da4f22baf55cb1bde82c,f6c6ab65a1c732f154b371401448be6d,060c0a26f19f4d66b42e0d8796688490,2017-12-11 18:07:26,food_supplement,industry,unknown,True,True,0,manufacturer,0.0,0.0
7ac6d80c42fdb4020030b1cb9ed708f5,cfe94489ddd337d1e29e12f2a7205d10,4b339f9567d060bcea4f5136b9f5949e,9ae085775a198122c5586fa830ff7f2b,2018-01-22 02:00:00,construction_tools_house_garden,online_medium,unknown,True,True,0,reseller,0.0,0.0
d62e62abe24dcaa94f9e1b3678477b51,c611f4ce9ce875bcc063fa97fd4d7d12,4b339f9567d060bcea4f5136b9f5949e,85fc447d336637ba1df43e793199fbc8,2018-03-19 20:39:25,construction_tools_house_garden,online_medium,cat,True,True,0,manufacturer,0.0,0.0
dbf25bb9667ad45905359f401d0ffb60,189ca3538ce9f920cacf0f982cbe223b,9d12ef1a7eca3ec58c545c678af7869c,fbf4aef3f6915dc0c3c97d6812522f6a,2018-04-30 12:04:11,stationery,online_medium,cat,True,True,0,manufacturer,0.0,0.0
2dfbe1c802c78a8b1f75ef13b70c1124,382229d1e840115ffe3dbf5ff460e417,4b339f9567d060bcea4f5136b9f5949e,495d4e95a8cf8bbf8b432b612a2aa328,2018-03-27 19:15:09,household_utilities,online_big,shark,True,True,0,reseller,0.0,0.0
5db98ad3d38184a2f9db88f5bb1c62c1,5bc24d989e71e93c33e50a7782431b0e,9d12ef1a7eca3ec58c545c678af7869c,de63de0d10a6012430098db33c679b0b,2018-03-20 20:23:26,car_accessories,online_medium,cat,True,True,0,manufacturer,0.0,0.0
b91cf8812365f50ff4bda4bcd6206b05,5e063e85d44b0f5c3e6ec3131103a57e,a8387c01a09e99ce014107505b92388c,495d4e95a8cf8bbf8b432b612a2aa328,2018-03-06 19:38:55,health_beauty,online_big,cat,True,True,0,reseller,0.0,0.0
9e5523333afdebe2911f20c3e5b452df,698f5fa55a5f73d0740e9d9a773e8093,9e4d1098a3b0f5da39b0bc48f9876645,495d4e95a8cf8bbf8b432b612a2aa328,2018-03-15 20:31:54,health_beauty,offline,eagle,True,True,0,reseller,0.0,0.0
4653dc197e56d94547c86d7a3af40833,e1dc0754bada9ee4cfe9713f22f61292,56bf83c4bb35763a51c2baab501b4c67,4ef15afb4b2723d8f3d81e51ec7afefe,2018-03-02 21:18:48,toys,online_medium,eagle,True,True,0,reseller,0.0,0.0
8ac5c69653a6ec0c8a96f304c13fb1d6,e58a5b390e28abc0b216cfb0e07d27d7,068066e24f0c643eb1d089c7dd20cd73,495d4e95a8cf8bbf8b432b612a2aa328,2018-01-19 19:29:55,bags_backpacks,online_medium,unknown,True,True,0,reseller,0.0,0.0
423b036257e9b247694318b327fdef68,aae5e7b457a3c72ee230a47d98fceda5,fdb16d3cbbeb5798f2f66c4096be026d,9ae085775a198122c5586fa830ff7f2b,2018-01-17 12:11:20,bed_bath_table,industry,unknown,True,True,0,manufacturer,0.0,0.0
ac029f072468dd8c97c15f0a9fa96f00,dfa0c4c6229ab200a4a1336b4d7128ff,f42a2bd194f7802ab052a815c8de65b7,6565aa9ce3178a5caf6171827af3a9ba,2018-04-20 19:42:05,home_decor,online_medium,eagle,True,True,0,reseller,0.0,0.0
8d4af10effffa338cc97d3ef4b2507dd,53088c75f948b48a7ece173ac17f0c12,34d40cdaf94010a1d05b0d6212f9e909,068066e24f0c643eb1d089c7dd20cd73,2018-05-09 13:17:12,health_beauty,offline,eagle,True,True,0,reseller,0.0,0.0
27ce438e6e1f602971ea0443f5d4428e,05e107217c7266362fd44b75b2cd4cc4,f42a2bd194f7802ab052a815c8de65b7,85fc447d336637ba1df43e793199fbc8,2018-05-16 15:05:26,stationery,online_medium,wolf,True,True,0,reseller,0.0,0.0
7bf1f5c2051159d32a588de7a73c8edf,c510bc1718f0f2961eaa42a23330681a,370c9f455f93a9a96cbe9bea48e70033,4ef15afb4b2723d8f3d81e51ec7afefe,2018-04-10 18:37:30,baby,online_big,eagle,True,True,0,reseller,0.0,0.0
2f68c2e0cd8964d59dbbcfa48196b499,4c1c7281388a33dd06daac44f9fadbd1,9e4d1098a3b0f5da39b0bc48f9876645,4ef15afb4b2723d8f3d81e51ec7afefe,2018-03-08 18:57:56,stationery,online_medium,cat,True,True,0,reseller,0.0,0.0
6ff169c8d96bc9b776c14c0e65af28df,85ecf03781da592876b7844acc1b729f,f42a2bd194f7802ab052a815c8de65b7,060c0a26f19f4d66b42e0d8796688490,2018-04-30 18:24:13,health_beauty,online_medium,cat,True,True,0,reseller,0.0,0.0
13c5dfa246046c0beea97e100f32a1a9,968268a686aa05d1f529fb07dff08130,fdb16d3cbbeb5798f2f66c4096be026d,9ae085775a198122c5586fa830ff7f2b,2018-01-22 19:14:25,stationery,online_big,unknown,True,True,0,reseller,0.0,0.0
eb7cd84a106d9862149ce49358dccf98,e250d617a0ad591ba9bd663e584a895d,4b339f9567d060bcea4f5136b9f5949e,fbf4aef3f6915dc0c3c97d6812522f6a,2018-01-15 13:08:11,home_decor,online_beginner,unknown,True,True,0,manufacturer,0.0,0.0
7f06e90b62b8a276308c2756f5afd601,7c51de0ab286204ce75ff42bf7c10d92,56bf83c4bb35763a51c2baab501b4c67,c638112b43f1d1b86dcabb0da720c901,2018-03-14 20:07:27,food_supplement,online_medium,unknown,True,True,0,reseller,0.0,0.0
fd582eb497bfc1fdf07f3e7d0e259b70,6a53b90c3ad9e0b56d9fe5c69165fff5,09285259593c61296eef10c734121d5b,85fc447d336637ba1df43e793199fbc8,2018-05-09 16:21:08,fashion_accessories,online_medium,cat,True,True,0,manufacturer,0.0,0.0
79c57bf41c34485dfe8b0d15d45a5fa2,11742f81550ac064cc9a40f67151d9ad,370c9f455f93a9a96cbe9bea48e70033,de63de0d10a6012430098db33c679b0b,2018-05-31 21:24:31,home_appliances,online_medium,wolf,True,True,0,reseller,0.0,0.0
8e3a0c64471d95b0099a960973289946,e94b64dc6979b302a5a5be1662c83bb6,a8387c01a09e99ce014107505b92388c,85fc447d336637ba1df43e793199fbc8,2018-05-04 03:00:00,home_decor,online_medium,eagle,True,True,0,reseller,0.0,0.0
e2d1a6e73522ced82377206f4ac503de,1444c08e64d55fb3c25f0f09c07ffcf2,fdb16d3cbbeb5798f2f66c4096be026d,495d4e95a8cf8bbf8b432b612a2aa328,2018-02-06 13:55:36,car_accessories,online_beginner,unknown,True,True,0,reseller,0.0,0.0
40965efa19c345bfd62e38846d71eb85,5f57db27027655e6c6a391601daa0258,4b339f9567d060bcea4f5136b9f5949e,d3d1e91a157ea7f90548eef82f1955e3,2018-02-08 13:10:58,household_utilities,online_medium,unknown,True,True,0,reseller,0.0,0.0
5490e7d6b0202e0f649d6fba5bf770ec,eb9267cccc90f1b49c8d2f9887c7dd97,a8387c01a09e99ce014107505b92388c,d3d1e91a157ea7f90548eef82f1955e3,2018-04-20 12:20:34,sports_leisure,online_medium,cat,True,True,0,reseller,0.0,0.0
b668bbfcf4f79f076b2210cb21e87734,ce616e1913288884e7742faac9d981db,4b339f9567d060bcea4f5136b9f5949e,4ef15afb4b2723d8f3d81e51ec7afefe,2018-05-07 16:18:52,construction_tools_house_garden,online_big,cat,True,True,0,manufacturer,0.0,0.0
e7d22b2d896aff8c14d0f1f6c7ff151b,88cf19ec1fc2c58f161aee259d57142c,9d12ef1a7eca3ec58c545c678af7869c,85fc447d336637ba1df43e793199fbc8,2018-04-27 14:01:59,household_utilities,online_big,cat,True,True,0,reseller,0.0,0.0
c18171305e73faabfa61d61c41a420ae,0b1ca3ef18a63d7eb0c8897fa0849c08,fdb16d3cbbeb5798f2f66c4096be026d,6565aa9ce3178a5caf6171827af3a9ba,2018-01-29 12:10:19,health_beauty,industry,unknown,True,True,0,manufacturer,0.0,0.0
713db6add2b5e85a240d2daffd3e9dab,f3c38ab652836d21de61fb8314b69182,9d12ef1a7eca3ec58c545c678af7869c,4ef15afb4b2723d8f3d81e51ec7afefe,2018-03-28 18:50:57,computers,online_small,cat,True,True,0,reseller,0.0,0.0
2c30dbced2ca2da386510d7416679269,d598f929fc44e1e38678e7f47250ec04,56bf83c4bb35763a51c2baab501b4c67,495d4e95a8cf8bbf8b432b612a2aa328,2018-04-20 18:13:06,car_accessories,industry,cat,True,True,0,reseller,0.0,0.0
dcb63974e7efcb5cf46738cb2a22edf1,34f563c82a85b99ae9e6d60db5fc2e28,09285259593c61296eef10c734121d5b,d3d1e91a157ea7f90548eef82f1955e3,2018-04-04 19:56:06,audio_video_electronics,online_medium,eagle,True,True,0,reseller,0.0,0.0
9729df58c832dc4574b1c382191df44a,a7a9b880c49781da66651ccf4ba9ac38,9e4d1098a3b0f5da39b0bc48f9876645,85fc447d336637ba1df43e793199fbc8,2018-04-25 21:02:03,bed_bath_table,offline,cat,True,True,0,reseller,0.0,0.0
c184064068f67936a71e38a4e6a9e78e,28872dc528e978a639754bc8c2ce5a4c,4b339f9567d060bcea4f5136b9f5949e,de63de0d10a6012430098db33c679b0b,2018-05-09 14:24:56,household_utilities,online_medium,cat,True,True,0,manufacturer,0.0,0.0
a8da3378b39d078f77361620c9481ffb,64c9a1db4e73e19aaafd3286dc448c96,0a0fb2b07d841f84fb6714e35c723075,6565aa9ce3178a5caf6171827af3a9ba,2018-08-07 17:17:28,household_utilities,online_medium,cat,True,True,5-20,reseller,0.0,0.0
3e1d9bee7fa8982cbd0dd0c0aa5ce905,271c58a1d139c45eaf3316107c6d3a3b,4b339f9567d060bcea4f5136b9f5949e,060c0a26f19f4d66b42e0d8796688490,2018-04-12 13:58:09,bags_backpacks,online_beginner,cat,True,True,0,reseller,0.0,0.0
051cb0d72dcd23f16842e894f5c46051,6548c2550b6e2d8f18053216e1c7b6f3,a8387c01a09e99ce014107505b92388c,4ef15afb4b2723d8f3d81e51ec7afefe,2018-04-23 20:19:56,household_utilities,online_medium,cat,True,True,0,manufacturer,0.0,0.0
2008b6bfa59e4d81791f9ecbfd9f1a75,41b14765bd56c8ad10971074380f9c0c,4b339f9567d060bcea4f5136b9f5949e,d3d1e91a157ea7f90548eef82f1955e3,2018-02-15 11:24:52,computers,industry,unknown,True,True,0,reseller,0.0,0.0
0e9c14002f9268601c57837930261014,6eeed17989b0ae47c9f11ece6f38ea90,9d12ef1a7eca3ec58c545c678af7869c,fbf4aef3f6915dc0c3c97d6812522f6a,2018-04-30 16:06:05,car_accessories,online_medium,eagle,True,True,0,reseller,0.0,0.0
01c629f6b8f2460aa362f29caaaa0a8e,99cd94252748d2bdde08e17858233602,09285259593c61296eef10c734121d5b,fbf4aef3f6915dc0c3c97d6812522f6a,2018-05-08 21:28:11,pet,online_medium,shark,True,True,0,reseller,0.0,0.0
287915711d06ce6d90e2c18e1d89d3a6,6f83d9e4da896daae20b9b6b2d3ff8d2,56bf83c4bb35763a51c2baab501b4c67,d3d1e91a157ea7f90548eef82f1955e3,2018-03-14 14:24:23,household_utilities,industry,eagle,True,True,0,reseller,0.0,0.0
66ff0b5dbb060ef47f756d33cf170f97,dc50afafdfa325eadc890c7fa42a8f4e,4b339f9567d060bcea4f5136b9f5949e,fbf4aef3f6915dc0c3c97d6812522f6a,2018-04-30 18:57:37,audio_video_electronics,online_big,cat,True,True,0,reseller,0.0,0.0
3b7585682efa3f3cb07b4e7ae6ec53d4,af3ef48d0e13835e529c29ac573c63e5,09285259593c61296eef10c734121d5b,d3d1e91a157ea7f90548eef82f1955e3,2018-05-09 21:35:58,pet,online_top,cat,True,True,0,manufacturer,0.0,0.0
680fd12be44eee12aee2a2e023438a5d,535bf14f36346c7f59d87cece104d70c,45749fb708130f78d0db07d8d80f030b,9d12ef1a7eca3ec58c545c678af7869c,2018-08-07 12:21:06,home_decor,online_medium,wolf,True,False,5-20,manufacturer,0.0,0.0
a7aef852029ddd8bba20bf60b536415b,5dc203c7b84a0e71e878a179de05fb9a,9e4d1098a3b0f5da39b0bc48f9876645,4ef15afb4b2723d8f3d81e51ec7afefe,2018-03-07 12:25:54,construction_tools_house_garden,industry,eagle,True,True,0,reseller,0.0,0.0
6548cf02964800e58014e5040bb14e01,88cd3681e0a2ba85e190f7d817629c4c,b90f87164b5f8c2cfa5c8572834dbe3f,2695de1affa7750089c0455f8ce27021,2018-07-09 18:00:57,car_accessories,online_big,eagle,True,True,0,reseller,0.0,0.0
239771729fe22c7c1bdbf136f7304eed,b586cd24c010a13916af621b0325fbba,f42a2bd194f7802ab052a815c8de65b7,de63de0d10a6012430098db33c679b0b,2018-05-24 19:51:56,home_decor,online_beginner,cat,True,True,0,reseller,0.0,0.0
186f0892f13de5443c0b6d042a6ddde0,d566c37fa119d5e66c4e9052e83ee4ea,068066e24f0c643eb1d089c7dd20cd73,495d4e95a8cf8bbf8b432b612a2aa328,2018-02-28 17:16:15,sports_leisure,online_big,cat,True,True,0,reseller,0.0,0.0
7fc2067b7f0e5d86dd4dfa1340b93910,e116c7455dd26a4d8c3e92532583905f,4b339f9567d060bcea4f5136b9f5949e,9ae085775a198122c5586fa830ff7f2b,2018-01-22 02:00:00,health_beauty,online_big,unknown,True,True,0,reseller,0.0,0.0
de4dbaab116c6ce122ca050041e1546f,bf00385a5f7fc1ef39a13c2e9ee50a5f,de63de0d10a6012430098db33c679b0b,9ae085775a198122c5586fa830ff7f2b,2018-06-21 12:21:33,audio_video_electronics,online_big,cat,True,True,0,reseller,0.0,0.0
b466c22d12d52c8a0d3792d2eb44b828,623ad9d0c1e14bb5464a8c72bff7b4af,4b339f9567d060bcea4f5136b9f5949e,6565aa9ce3178a5caf6171827af3a9ba,2018-02-27 17:39:50,household_utilities,online_big,wolf,True,True,0,manufacturer,0.0,0.0
caea756b29bd071f00ce526f40645a78,fadb07c842a2aef5d5a676b85f220e71,4b339f9567d060bcea4f5136b9f5949e,d3d1e91a157ea7f90548eef82f1955e3,2018-04-10 17:23:25,sports_leisure,online_medium,wolf,True,True,0,reseller,0.0,0.0
0ff0a4ce9abf031dc12194a19ced4ef1,a64e44665225d19dfc0277eeeaaccc57,9d12ef1a7eca3ec58c545c678af7869c,068066e24f0c643eb1d089c7dd20cd73,2018-05-14 18:06:33,food_supplement,online_medium,cat,True,True,0,manufacturer,0.0,0.0
a0ab09eb2842e474a3a5aed12e533a2a,6b3bd31ad8fcda4b2635ec9f3ff2ecdf,de63de0d10a6012430098db33c679b0b,d3d1e91a157ea7f90548eef82f1955e3,2018-03-13 18:53:47,food_supplement,online_small,unknown,True,True,0,reseller,0.0,0.0
1785cff273aedbd875c814b46928ad7f,213fafb0ca06fb3d5886579c2565791b,4b339f9567d060bcea4f5136b9f5949e,6565aa9ce3178a5caf6171827af3a9ba,2018-05-17 18:11:29,audio_video_electronics,online_big,cat,True,True,0,reseller,0.0,0.0
eb454ad6be830064d49727814426bb6e,e0a3c37054ade6478d923a6efc10f308,4b339f9567d060bcea4f5136b9f5949e,56bf83c4bb35763a51c2baab501b4c67,2018-05-25 17:32:40,baby,online_beginner,cat,True,True,0,manufacturer,0.0,0.0
b14ab177881b4c06b81317c5f2034ede,8fb67a334bacec338885b4e9e1708073,9d12ef1a7eca3ec58c545c678af7869c,fbf4aef3f6915dc0c3c97d6812522f6a,2018-04-27 12:18:34,home_decor,online_medium,cat,True,True,0,manufacturer,0.0,0.0
921fc9c7fd3ec362c7276f81fa81baf9,4a23adac87cf538689fa600d976f78b2,b90f87164b5f8c2cfa5c8572834dbe3f,85fc447d336637ba1df43e793199fbc8,2018-07-19 21:17:47,health_beauty,industry,wolf,True,True,0,manufacturer,0.0,0.0
45b5846f3d142b0748d3dc2ab223ab6b,76ea5315acb3f5f7ade3cd261faf922a,34d40cdaf94010a1d05b0d6212f9e909,4ef15afb4b2723d8f3d81e51ec7afefe,2018-04-24 20:54:30,car_accessories,online_big,cat,True,True,0,reseller,0.0,0.0
341d4a2ff35fb1a23abe056798b04d41,f88adb15807168d3c43d71021090ce4a,9e4d1098a3b0f5da39b0bc48f9876645,4ef15afb4b2723d8f3d81e51ec7afefe,2018-03-23 21:07:18,gifts,online_medium,cat,True,True,0,reseller,0.0,0.0
1217984b38cadfb4b1c15f30a3212680,54c04bdb5ec46762f8f08c7e8f86ed4a,4b339f9567d060bcea4f5136b9f5949e,4ef15afb4b2723d8f3d81e51ec7afefe,2018-01-26 16:27:17,food_supplement,online_medium,unknown,True,True,0,reseller,0.0,0.0
1b9d7ffccca875a9079e3b57c24a3113,8476243f92442881ddd5b578975cf115,56bf83c4bb35763a51c2baab501b4c67,fbf4aef3f6915dc0c3c97d6812522f6a,2018-01-08 02:00:00,audio_video_electronics,online_big,unknown,True,True,0,reseller,0.0,0.0
8b2112b1064c167cfbccbdeb2b5841f2,09bad886111255c5b5030314fc7f1a4a,de63de0d10a6012430098db33c679b0b,4ef15afb4b2723d8f3d81e51ec7afefe,2018-04-26 19:36:13,handcrafted,offline,unknown,True,True,0,reseller,0.0,0.0
ae437864746ae2a9e694a6ed2b5824db,01266d4c46afa519678d16a8b683d325,4b339f9567d060bcea4f5136b9f5949e,6565aa9ce3178a5caf6171827af3a9ba,2018-05-18 20:02:04,construction_tools_house_garden,online_small,cat,True,True,0,reseller,0.0,0.0
42d15f0a37b7d0a151bb2ca9cc7e5548,9cf787a239c1aa29dbd76f153dc13f9a,068066e24f0c643eb1d089c7dd20cd73,6565aa9ce3178a5caf6171827af3a9ba,2018-01-24 12:27:42,fashion_accessories,online_medium,unknown,True,True,0,reseller,0.0,0.0
862690c612c4c41a2ddceb9bf7a5c848,1a932caad4f9d804097d7f8e615baed1,de63de0d10a6012430098db33c679b0b,9ae085775a198122c5586fa830ff7f2b,2018-02-19 19:51:00,construction_tools_house_garden,industry,eagle,True,True,0,reseller,0.0,0.0
6c1f11f779599fe6d280c41d644ed43b,0cab2da43793a6f3c5ed8514c5f54627,4b339f9567d060bcea4f5136b9f5949e,56bf83c4bb35763a51c2baab501b4c67,2018-04-05 16:29:23,bags_backpacks,offline,cat,True,True,0,reseller,0.0,0.0
d4db78e389387c2d6f0b5404cbc61fc5,7210cd29727d674c00741e5e387b3ccd,068066e24f0c643eb1d089c7dd20cd73,de63de0d10a6012430098db33c679b0b,2018-04-17 17:18:09,car_accessories,online_medium,cat,True,True,0,reseller,0.0,0.0
d4b60729388ac1c3435ee0fcefba1ebe,05a48cc8859962767935ab9087417fbb,f42a2bd194f7802ab052a815c8de65b7,56bf83c4bb35763a51c2baab501b4c67,2018-05-30 03:00:00,fashion_accessories,online_beginner,cat,True,True,0,reseller,0.0,0.0
3e4a3f9ecab2d513b6782748c9e0a884,9d681c7e12db302cb261e721040dde65,0a0fb2b07d841f84fb6714e35c723075,2695de1affa7750089c0455f8ce27021,2018-05-04 03:00:00,sports_leisure,online_small,cat,True,True,0,reseller,0.0,0.0
b6bbd11daf9d7d31ffa787379614cd4f,4eeb99008a0f59d2c7759c59f9a346eb,9d12ef1a7eca3ec58c545c678af7869c,6565aa9ce3178a5caf6171827af3a9ba,2018-04-06 19:30:00,audio_video_electronics,online_medium,eagle,True,True,0,reseller,0.0,0.0
ee24544795bf59a8343731c3501c6b4e,c013e57c075a06e5b5c48ee03c525719,fdb16d3cbbeb5798f2f66c4096be026d,9ae085775a198122c5586fa830ff7f2b,2018-02-01 17:10:20,pet,online_medium,unknown,True,True,0,reseller,0.0,0.0
7998ee341a2b3ffe1f5b8f11c0e78d11,b9ec22de23f18567de0e09d776ca0309,9d12ef1a7eca3ec58c545c678af7869c,495d4e95a8cf8bbf8b432b612a2aa328,2018-04-06 19:26:13,stationery,online_medium,cat,True,True,0,reseller,0.0,0.0
98826328c3a60215e53b342560084571,f46490624488d3ff7ce78613913a7711,9d12ef1a7eca3ec58c545c678af7869c,068066e24f0c643eb1d089c7dd20cd73,2018-05-16 19:51:05,health_beauty,online_big,eagle,True,True,0,reseller,0.0,0.0
245710681d51a6dfb80ab06683f3be01,7c9130f5f3729edd32aa059141d92484,370c9f455f93a9a96cbe9bea48e70033,4ef15afb4b2723d8f3d81e51ec7afefe,2018-05-07 21:49:28,computers,unknown,unknown,True,True,0,reseller,0.0,0.0
cd803c8ab3c2afa5430eeb195bcebe6a,33dd941c27854f7625b968cc6195a552,a8387c01a09e99ce014107505b92388c,85fc447d336637ba1df43e793199fbc8,2018-03-28 22:42:55,household_utilities,online_medium,cat,True,True,0,reseller,0.0,0.0
676207ddcc8087437135a4b461fc07cb,c70a353f02429c00775a46a75fb787da,370c9f455f93a9a96cbe9bea48e70033,4ef15afb4b2723d8f3d81e51ec7afefe,2018-04-20 12:27:44,health_beauty,online_medium,cat,True,True,0,reseller,0.0,0.0
98b18a14a0472c9e4a4eb0bb77ae3592,4fe2f67634d00c021aa01f96b6f2d68e,9d12ef1a7eca3ec58c545c678af7869c,a8387c01a09e99ce014107505b92388c,2018-06-07 21:23:45,food_supplement,online_small,cat,True,True,0,reseller,0.0,0.0
